   4.2835200e+02
   3.7500000e+02
   3.5900000e+02
   3.2800000e+02
   3.6800000e+02
   2.8200000e+02
   5.1500000e+02
   2.3500000e+02
   4.2100000e+02
   4.4600000e+02
   4.6100000e+02
   4.7600000e+02
   4.6900000e+02
   7.5000000e+02
   5.0000000e+02
   4.2100000e+02
   4.1500000e+02
   3.9800000e+02
   3.9800000e+02
   3.9100000e+02
   3.9100000e+02
   3.7500000e+02
   3.8200000e+02
   3.7500000e+02
   3.7500000e+02
   3.6800000e+02
   3.6700000e+02
   3.7500000e+02
   9.9200000e+02
   7.0300000e+02
   7.5000000e+02
   3.2800000e+02
   7.0300000e+02
   3.5200000e+02
   3.4300000e+02
   3.5200000e+02
   3.5200000e+02
   6.6400000e+02
   3.7500000e+02
   3.5100000e+02
   3.4400000e+02
   3.5200000e+02
   3.8200000e+02
   3.7500000e+02
   3.8300000e+02
   3.8300000e+02
   3.9800000e+02
   3.9900000e+02
   4.3000000e+02
   4.1400000e+02
   8.3600000e+02
   3.8200000e+02
   3.8300000e+02
   3.7500000e+02
   3.9100000e+02
   3.8300000e+02
   4.0600000e+02
   3.8300000e+02
   3.7500000e+02
   6.5600000e+02
   4.6100000e+02
   3.6700000e+02
   7.1100000e+02
   1.7730000e+03
   3.6000000e+02
   3.6700000e+02
   3.5900000e+02
   3.6800000e+02
   3.6700000e+02
   3.5100000e+02
   3.6700000e+02
   3.6000000e+02
   3.5900000e+02
   3.5200000e+02
   3.7500000e+02
   3.6700000e+02
   3.7500000e+02
   3.6700000e+02
   3.6700000e+02
   3.7500000e+02
   4.4600000e+02
   3.2000000e+02
   3.7500000e+02
   3.7500000e+02
   7.4200000e+02
   4.3000000e+02
   3.4400000e+02
   3.5100000e+02
   6.9500000e+02
   3.5200000e+02
   3.4400000e+02
   6.8700000e+02
   1.0470000e+03
   1.8050000e+03
   3.5900000e+02
   5.6300000e+02
   5.0000000e+02
   1.0540000e+03
   3.5200000e+02
   8.2800000e+02
   2.3500000e+02
   3.5900000e+02
   3.6700000e+02
   3.6700000e+02
   3.6000000e+02
   3.5900000e+02
   3.6000000e+02
   3.5900000e+02
   3.6700000e+02
   3.6700000e+02
   3.7500000e+02
   3.6700000e+02
   3.6800000e+02
   3.6700000e+02
   3.7500000e+02
   3.6700000e+02
   3.5900000e+02
   3.7500000e+02
   3.7500000e+02
   3.7500000e+02
   3.6000000e+02
   3.7500000e+02
   3.6700000e+02
   3.5900000e+02
   3.6800000e+02
   3.5100000e+02
   3.5900000e+02
   3.6000000e+02
   3.5900000e+02
   3.5200000e+02
   3.5900000e+02
   3.4400000e+02
   3.5900000e+02
   3.6700000e+02
   3.9100000e+02
   3.8300000e+02
   3.9800000e+02
   3.9100000e+02
   4.0600000e+02
   3.9100000e+02
   4.1400000e+02
   4.1400000e+02
   4.3000000e+02
   4.3700000e+02
   4.3000000e+02
   4.3700000e+02
   4.4600000e+02
   4.4500000e+02
   4.5300000e+02
   4.5300000e+02
   4.6900000e+02
   4.3700000e+02
   4.6100000e+02
   4.4600000e+02
   4.4500000e+02
   4.3800000e+02
   4.3700000e+02
   4.2200000e+02
   4.2200000e+02
   4.2200000e+02
   4.1400000e+02
   4.1400000e+02
   4.3700000e+02
   4.3000000e+02
   4.3000000e+02
   4.3700000e+02
   4.4500000e+02
   4.3000000e+02
   4.3800000e+02
   4.3700000e+02
   4.3000000e+02
   4.3700000e+02
   4.2200000e+02
   4.3800000e+02
   4.4500000e+02
   4.3800000e+02
   4.3700000e+02
   4.3000000e+02
   4.2200000e+02
   4.2900000e+02
   4.0700000e+02
   4.2900000e+02
   4.3000000e+02
   4.3000000e+02
   4.3700000e+02
   4.3000000e+02
   4.1400000e+02
   4.1400000e+02
   4.2200000e+02
   4.1400000e+02
   4.3000000e+02
   4.2100000e+02
   4.4600000e+02
   4.2900000e+02
   4.5400000e+02
   4.2900000e+02
   4.3800000e+02
   4.2200000e+02
   4.2100000e+02
   4.2200000e+02
   4.0700000e+02
   3.9800000e+02
   3.9100000e+02
   3.9800000e+02
   3.9100000e+02
   4.0600000e+02
   4.1400000e+02
   4.1400000e+02
   3.1300000e+02
   5.2300000e+02
   4.2200000e+02
   4.2200000e+02
   4.2900000e+02
   4.2200000e+02
   4.1400000e+02
   4.2200000e+02
   4.3000000e+02
   4.0600000e+02
   4.3000000e+02
   4.2200000e+02
   4.2900000e+02
   4.3800000e+02
   4.3700000e+02
   4.4600000e+02
   4.5300000e+02
   4.5300000e+02
   4.3800000e+02
   4.2100000e+02
   4.3000000e+02
   4.1400000e+02
   4.3000000e+02
   4.1400000e+02
   4.3000000e+02
   4.2100000e+02
   4.1500000e+02
   4.0600000e+02
   4.2200000e+02
   4.1400000e+02
   4.1400000e+02
   4.1400000e+02
   4.1400000e+02
   3.9800000e+02
   3.9900000e+02
   3.8300000e+02
   3.8200000e+02
   3.8300000e+02
   3.9100000e+02
   3.9000000e+02
   3.9100000e+02
   3.8300000e+02
   3.8300000e+02
   3.6700000e+02
   3.8300000e+02
   3.6700000e+02
   3.7500000e+02
   3.6700000e+02
   3.7500000e+02
   3.9900000e+02
   4.2100000e+02
   4.3800000e+02
   4.3700000e+02
   4.3000000e+02
   4.1400000e+02
   4.3000000e+02
   4.3700000e+02
   4.2200000e+02
   4.3800000e+02
   4.0600000e+02
   4.2200000e+02
   4.0600000e+02
   3.9900000e+02
   4.1400000e+02
   4.0600000e+02
   4.2200000e+02
   4.2200000e+02
   4.1400000e+02
   4.2900000e+02
   4.1400000e+02
   4.2200000e+02
   4.2200000e+02
   4.2200000e+02
   4.2200000e+02
   4.2200000e+02
   4.2200000e+02
   4.2200000e+02
   4.2100000e+02
   4.2200000e+02
   4.1400000e+02
   4.3000000e+02
   3.9800000e+02
   3.9100000e+02
   3.9100000e+02
   3.9800000e+02
   3.9900000e+02
   3.9800000e+02
   4.0600000e+02
   4.0700000e+02
   4.2100000e+02
   4.1400000e+02
   4.2200000e+02
   4.3800000e+02
   4.3000000e+02
   4.3700000e+02
   4.3800000e+02
   4.4500000e+02
   4.4500000e+02
   4.7700000e+02
   4.5300000e+02
   4.5300000e+02
   4.6100000e+02
   4.3700000e+02
   4.5400000e+02
   4.3700000e+02
   4.2200000e+02
   4.3000000e+02
   4.2100000e+02
   4.1500000e+02
   4.2100000e+02
   4.2200000e+02
   4.3000000e+02
   4.3700000e+02
   4.3800000e+02
   4.3000000e+02
   4.3700000e+02
   4.4500000e+02
   4.3800000e+02
   4.4500000e+02
   4.2200000e+02
   4.0600000e+02
   3.9900000e+02
   4.0600000e+02
   3.8300000e+02
   3.8300000e+02
   3.9000000e+02
   3.9100000e+02
   3.8300000e+02
   3.8300000e+02
   3.8200000e+02
   7.5800000e+02
   3.8300000e+02
   3.8300000e+02
   3.9000000e+02
   3.9900000e+02
   4.1400000e+02
   4.1400000e+02
   4.1400000e+02
   4.2200000e+02
   4.3000000e+02
   4.3700000e+02
   4.4500000e+02
   4.2200000e+02
   4.2200000e+02
   4.3000000e+02
   4.1400000e+02
   4.2200000e+02
   4.0600000e+02
   4.1400000e+02
   4.3000000e+02
   4.2200000e+02
   4.1400000e+02
   4.2900000e+02
   4.1500000e+02
   4.2900000e+02
   4.2200000e+02
   4.2200000e+02
   4.0600000e+02
   4.0600000e+02
   4.0700000e+02
   3.9000000e+02
   3.9900000e+02
   3.9000000e+02
   3.9100000e+02
   3.8300000e+02
   3.9000000e+02
   3.7500000e+02
   3.9100000e+02
   3.7500000e+02
   3.7500000e+02
   3.6700000e+02
   3.7500000e+02
   3.6700000e+02
   3.7500000e+02
   3.6000000e+02
   3.6700000e+02
   3.6700000e+02
   3.6700000e+02
   3.8300000e+02
   3.9100000e+02
   4.3000000e+02
   4.2900000e+02
   4.4600000e+02
   4.4500000e+02
   4.9200000e+02
   5.0000000e+02
   4.8400000e+02
   4.8500000e+02
   4.6100000e+02
   4.4500000e+02
   4.2200000e+02
   4.0600000e+02
   4.2200000e+02
   4.0600000e+02
   3.9900000e+02
   3.9000000e+02
   4.0700000e+02
   1.6640000e+03
   4.1400000e+02
   4.1400000e+02
   4.1400000e+02
   4.0600000e+02
   3.9900000e+02
   3.9800000e+02
   3.9100000e+02
   3.9000000e+02
   3.7500000e+02
   3.9100000e+02
   3.9000000e+02
   3.6800000e+02
   3.8200000e+02
   3.8300000e+02
   3.7500000e+02
   3.7500000e+02
   3.9900000e+02
   3.9800000e+02
   4.1400000e+02
   4.3800000e+02
   4.2200000e+02
   4.2900000e+02
   1.0000000e+03
   2.9700000e+02
   4.3000000e+02
   4.3700000e+02
   4.3800000e+02
   4.5300000e+02
   4.4500000e+02
   4.3000000e+02
   4.3000000e+02
   4.2900000e+02
   4.3000000e+02
   4.1400000e+02
   4.1400000e+02
   4.3000000e+02
   8.6700000e+02
   4.2200000e+02
   4.2200000e+02
   4.3700000e+02
   4.3000000e+02
   4.3000000e+02
   4.4500000e+02
   4.3000000e+02
   4.2200000e+02
   4.5300000e+02
   1.9920000e+03
   4.0600000e+02
   3.9100000e+02
   3.9000000e+02
   3.9100000e+02
   3.9100000e+02
   3.8200000e+02
   3.9900000e+02
   3.9000000e+02
   8.1300000e+02
   4.3000000e+02
   4.5300000e+02
   4.5300000e+02
   4.6100000e+02
   4.4500000e+02
   4.3000000e+02
   4.6900000e+02
   4.9200000e+02
   4.6100000e+02
   4.4500000e+02
   4.3000000e+02
   4.2200000e+02
   4.0600000e+02
   3.9000000e+02
   4.2200000e+02
   3.8300000e+02
   3.9900000e+02
   3.8200000e+02
   3.9100000e+02
   3.7500000e+02
   3.8300000e+02
   4.8400000e+02
   2.7400000e+02
   3.7500000e+02
   3.7500000e+02
   3.7500000e+02
   3.5900000e+02
   3.7500000e+02
   3.7500000e+02
   3.7500000e+02
   3.5900000e+02
   3.6800000e+02
   3.6700000e+02
   3.5900000e+02
   3.6700000e+02
   3.9100000e+02
   4.0600000e+02
   4.3800000e+02
   4.2900000e+02
   4.3000000e+02
   4.1400000e+02
   4.0600000e+02
   4.0700000e+02
   3.9800000e+02
   4.0600000e+02
   3.9100000e+02
   3.9100000e+02
   3.8200000e+02
   3.8300000e+02
   6.1000000e+02
   5.7000000e+02
   3.8300000e+02
   3.9000000e+02
   3.9100000e+02
   3.9100000e+02
   3.9000000e+02
   4.8500000e+02
   2.9600000e+02
   4.0700000e+02
   5.7800000e+02
   2.3400000e+02
   4.3800000e+02
   4.2900000e+02
   5.3900000e+02
   2.9700000e+02
   5.4700000e+02
   4.5300000e+02
   4.4600000e+02
   3.2000000e+02
   6.4100000e+02
   4.8400000e+02
   4.7700000e+02
   4.6000000e+02
   8.7500000e+02
   4.3800000e+02
   3.8300000e+02
   5.4700000e+02
   4.5300000e+02
   4.3700000e+02
   4.3800000e+02
   4.5300000e+02
   4.6100000e+02
   4.4500000e+02
   4.4500000e+02
   4.3000000e+02
   4.6100000e+02
   4.4500000e+02
   4.2200000e+02
   4.3000000e+02
   4.0600000e+02
   4.2200000e+02
   4.1400000e+02
   4.2200000e+02
   4.2200000e+02
   3.8300000e+02
   4.7600000e+02
   5.5500000e+02
   2.9700000e+02
   4.3700000e+02
   4.3800000e+02
   4.2200000e+02
   4.3700000e+02
   4.3000000e+02
   4.3700000e+02
   4.2200000e+02
   4.3000000e+02
   4.3700000e+02
   4.3800000e+02
   4.3700000e+02
   4.5400000e+02
   4.3700000e+02
   4.4500000e+02
   4.3800000e+02
   4.4500000e+02
   4.2200000e+02
   4.3000000e+02
   4.2900000e+02
   4.6100000e+02
   4.5400000e+02
   4.4500000e+02
   4.3700000e+02
   4.2200000e+02
   4.2200000e+02
   4.3000000e+02
   4.3700000e+02
   4.2200000e+02
   4.4500000e+02
   4.3000000e+02
   4.3000000e+02
   4.3000000e+02
   4.2100000e+02
   4.1400000e+02
   4.3000000e+02
   4.3800000e+02
   4.4500000e+02
   4.2200000e+02
   4.3000000e+02
   4.2900000e+02
   4.2200000e+02
   4.1400000e+02
   3.9900000e+02
   3.9800000e+02
   3.9800000e+02
   3.8300000e+02
   3.8300000e+02
   3.8300000e+02
   3.9800000e+02
   3.9100000e+02
   3.9800000e+02
   3.9900000e+02
   4.0600000e+02
   3.9100000e+02
   3.9000000e+02
   3.9900000e+02
   4.1400000e+02
   4.2200000e+02
   4.1400000e+02
   4.0600000e+02
   4.3000000e+02
   4.0600000e+02
   4.3700000e+02
   4.2200000e+02
   4.1400000e+02
   4.0700000e+02
   4.0600000e+02
   3.9800000e+02
   3.9100000e+02
   4.0600000e+02
   3.9900000e+02
   4.0600000e+02
   4.0600000e+02
   4.0600000e+02
   4.1400000e+02
   4.2200000e+02
   4.2200000e+02
   4.3800000e+02
   4.3700000e+02
   4.2200000e+02
   4.3000000e+02
   4.1400000e+02
   4.1400000e+02
   3.9800000e+02
   4.0700000e+02
   3.9800000e+02
   3.9800000e+02
   4.0700000e+02
   4.0600000e+02
   4.3000000e+02
   4.0600000e+02
   4.2200000e+02
   4.1400000e+02
   4.1400000e+02
   4.1400000e+02
   4.1400000e+02
   4.0600000e+02
   4.1400000e+02
   3.9900000e+02
   3.9800000e+02
   3.9900000e+02
   3.9000000e+02
   3.9900000e+02
   3.9800000e+02
   4.0600000e+02
   3.9900000e+02
   3.9800000e+02
   3.9900000e+02
   3.8300000e+02
   3.9800000e+02
   3.8300000e+02
   3.8300000e+02
   3.7500000e+02
   3.8200000e+02
   3.8300000e+02
   3.9100000e+02
   3.9800000e+02
   4.0700000e+02
   3.9800000e+02
   4.0600000e+02
   4.0600000e+02
   4.0700000e+02
   4.2200000e+02
   4.2100000e+02
   4.3800000e+02
   4.2200000e+02
   4.3700000e+02
   4.1400000e+02
   4.4600000e+02
   4.2200000e+02
   4.2900000e+02
   4.3000000e+02
   4.3000000e+02
   4.1400000e+02
   4.2900000e+02
   4.2200000e+02
   4.1400000e+02
   4.2200000e+02
   4.1400000e+02
   4.0700000e+02
   3.9800000e+02
   4.0600000e+02
   3.9900000e+02
   3.9800000e+02
   3.9100000e+02
   4.2200000e+02
   4.1400000e+02
   4.1400000e+02
   4.2900000e+02
   4.2200000e+02
   4.1400000e+02
   4.0700000e+02
   4.2100000e+02
   4.1500000e+02
   3.9800000e+02
   4.0600000e+02
   3.9100000e+02
   3.9000000e+02
   3.9100000e+02
   3.9100000e+02
   4.0600000e+02
   4.0600000e+02
   4.3800000e+02
   4.3700000e+02
   2.8900000e+02
   5.6300000e+02
   4.2900000e+02
   4.2200000e+02
   4.1400000e+02
   4.2200000e+02
   4.1400000e+02
   4.2200000e+02
   4.1400000e+02
   4.0700000e+02
   2.2600000e+02
   5.7800000e+02
   3.9100000e+02
   3.9800000e+02
   3.9100000e+02
   3.9100000e+02
   3.9000000e+02
   3.9900000e+02
   4.0600000e+02
   4.0600000e+02
   4.0600000e+02
   4.0700000e+02
   3.9000000e+02
   3.9100000e+02
   3.9800000e+02
   3.9900000e+02
   4.0600000e+02
   4.0600000e+02
   4.0600000e+02
   4.0700000e+02
   4.0600000e+02
   4.0600000e+02
   4.0600000e+02
   4.2200000e+02
   4.0700000e+02
   4.2900000e+02
   4.2200000e+02
   4.3000000e+02
   4.2200000e+02
   4.2200000e+02
   4.2100000e+02
   4.3800000e+02
   4.2200000e+02
   4.2200000e+02
   3.2800000e+02
   4.9200000e+02
   4.1400000e+02
   3.9900000e+02
   4.1400000e+02
   4.0600000e+02
   4.1400000e+02
   4.0600000e+02
   4.1400000e+02
   4.2200000e+02
   4.2200000e+02
   4.2200000e+02
   4.2200000e+02
   4.2200000e+02
   4.2900000e+02
   4.3000000e+02
   4.3700000e+02
   4.2200000e+02
   4.4600000e+02
   4.4500000e+02
   4.3700000e+02
   4.2200000e+02
   4.0700000e+02
   4.0600000e+02
   4.0600000e+02
   4.1400000e+02
   4.3000000e+02
   4.5300000e+02
   4.5300000e+02
   4.4500000e+02
   4.6100000e+02
   4.3800000e+02
   4.6100000e+02
   4.4500000e+02
   4.5300000e+02
   4.5300000e+02
   4.5300000e+02
   4.3800000e+02
   4.3700000e+02
   4.2200000e+02
   4.2200000e+02
   4.2200000e+02
   8.2800000e+02
   4.2200000e+02
   4.1400000e+02
   4.0600000e+02
   3.9900000e+02
   4.0600000e+02
   3.9100000e+02
   3.9000000e+02
   4.0700000e+02
   3.9800000e+02
   3.9800000e+02
   3.9900000e+02
   4.0600000e+02
   7.8900000e+02
   3.9100000e+02
   4.0600000e+02
   3.9900000e+02
   4.1400000e+02
   3.9800000e+02
   8.0500000e+02
   4.0600000e+02
   3.9800000e+02
   3.9900000e+02
   4.0600000e+02
   3.9900000e+02
   3.9000000e+02
   3.9900000e+02
   3.9800000e+02
   3.9800000e+02
   4.0700000e+02
   4.0600000e+02
   3.9800000e+02
   4.1400000e+02
   4.0700000e+02
   4.1400000e+02
   4.1400000e+02
   4.1400000e+02
   4.0600000e+02
   3.9900000e+02
   3.9800000e+02
   3.9800000e+02
   4.0700000e+02
   4.1400000e+02
   3.9800000e+02
   4.0600000e+02
   4.2200000e+02
   4.0700000e+02
   4.2900000e+02
   4.1400000e+02
   4.2200000e+02
   4.3800000e+02
   4.1400000e+02
   4.1400000e+02
   4.0600000e+02
   3.9900000e+02
   3.9800000e+02
   3.9800000e+02
   3.9900000e+02
   4.0600000e+02
   3.9900000e+02
   4.0600000e+02
   4.0600000e+02
   8.2000000e+02
   4.0700000e+02
   4.2100000e+02
   4.3000000e+02
   4.3000000e+02
   4.2200000e+02
   4.3700000e+02
   4.3000000e+02
   4.3700000e+02
   4.3000000e+02
   4.3000000e+02
   4.2900000e+02
   4.2200000e+02
   4.3000000e+02
   4.3000000e+02
   4.1400000e+02
   4.1400000e+02
   4.1400000e+02
   4.1400000e+02
   4.1400000e+02
   4.3000000e+02
   4.2200000e+02
   4.2100000e+02
   4.3000000e+02
   4.3000000e+02
   4.2200000e+02
   4.2900000e+02
   4.3000000e+02
   4.2200000e+02
   3.3600000e+02
   4.9200000e+02
   4.0600000e+02
   4.0700000e+02
   4.0600000e+02
   4.1400000e+02
   4.2200000e+02
   4.0600000e+02
   4.1400000e+02
   4.1400000e+02
   4.1400000e+02
   4.2200000e+02
   4.3000000e+02
   4.3700000e+02
   4.5300000e+02
   4.6100000e+02
   4.6900000e+02
   4.5300000e+02
   4.3800000e+02
   4.3700000e+02
   4.3800000e+02
   4.2900000e+02
   4.3000000e+02
   4.3800000e+02
   4.0600000e+02
   3.9800000e+02
   4.0700000e+02
   3.9800000e+02
   4.1400000e+02
   4.1400000e+02
   4.1400000e+02
   4.1400000e+02
   4.1400000e+02
   4.1400000e+02
   4.3800000e+02
   4.2200000e+02
   4.1400000e+02
   4.1400000e+02
   3.9800000e+02
   4.0700000e+02
   3.1200000e+02
   4.8400000e+02
   4.1400000e+02
   4.1500000e+02
   4.2100000e+02
   4.2200000e+02
   4.5300000e+02
   4.6100000e+02
   9.0700000e+02
   4.4500000e+02
   4.3700000e+02
   4.4600000e+02
   4.5300000e+02
   4.3700000e+02
   4.3000000e+02
   4.4500000e+02
   4.3000000e+02
   4.4500000e+02
   4.3800000e+02
   4.3700000e+02
   4.2200000e+02
   4.3800000e+02
   4.2900000e+02
   2.5800000e+02
   6.1000000e+02
   4.4500000e+02
   4.4500000e+02
   4.3800000e+02
   4.3700000e+02
   4.3000000e+02
   4.2200000e+02
   4.1400000e+02
   4.0600000e+02
   3.2000000e+02
   5.0000000e+02
   4.1400000e+02
   3.2100000e+02
   5.0800000e+02
   4.0600000e+02
   4.3000000e+02
   4.2900000e+02
   4.4600000e+02
   4.3700000e+02
   4.4500000e+02
   4.3000000e+02
   4.2200000e+02
   4.1400000e+02
   4.3000000e+02
   4.2900000e+02
   4.3800000e+02
   4.2200000e+02
   4.4500000e+02
   4.4500000e+02
   4.4600000e+02
   4.4500000e+02
   4.5300000e+02
   4.3800000e+02
   4.3700000e+02
   4.5300000e+02
