   4.0146900e+02
   4.3000000e+02
   4.3700000e+02
   4.3800000e+02
   4.3700000e+02
   4.0600000e+02
   4.3000000e+02
   4.2200000e+02
   4.2200000e+02
   4.1400000e+02
   4.1400000e+02
   4.0600000e+02
   3.9900000e+02
   4.1400000e+02
   3.9000000e+02
   4.0700000e+02
   4.1400000e+02
   3.9800000e+02
   3.9900000e+02
   4.0600000e+02
   4.1400000e+02
   4.0600000e+02
   4.1400000e+02
   3.9900000e+02
   4.0600000e+02
   4.1400000e+02
   3.9800000e+02
   4.0700000e+02
   4.1400000e+02
   4.2200000e+02
   4.1400000e+02
   3.9000000e+02
   4.0700000e+02
   4.1400000e+02
   4.2100000e+02
   4.0700000e+02
   4.1400000e+02
   4.1400000e+02
   4.1400000e+02
   4.1400000e+02
   4.1400000e+02
   4.0600000e+02
   4.3000000e+02
   3.9100000e+02
   3.9800000e+02
   4.0600000e+02
   4.0700000e+02
   3.9800000e+02
   3.9800000e+02
   4.0700000e+02
   3.9800000e+02
   3.9900000e+02
   3.9000000e+02
   3.9100000e+02
   3.9800000e+02
   3.8300000e+02
   3.9100000e+02
   3.8200000e+02
   3.9100000e+02
   3.9900000e+02
   3.8200000e+02
   4.0700000e+02
   3.8200000e+02
   3.9900000e+02
   3.9000000e+02
   3.9900000e+02
   3.9100000e+02
   3.9800000e+02
   3.9800000e+02
   4.0700000e+02
   4.1400000e+02
   4.0600000e+02
   3.9800000e+02
   4.1400000e+02
   4.2200000e+02
   4.0700000e+02
   4.1400000e+02
   4.1400000e+02
   4.0600000e+02
   4.1400000e+02
   4.2200000e+02
   4.2200000e+02
   4.3700000e+02
   3.9900000e+02
   4.0600000e+02
   4.1400000e+02
   4.1400000e+02
   4.0600000e+02
   4.0700000e+02
   4.0600000e+02
   4.0600000e+02
   3.9100000e+02
   3.9800000e+02
   3.9100000e+02
   3.9000000e+02
   3.9900000e+02
   3.8300000e+02
   3.9000000e+02
   3.9100000e+02
   3.5900000e+02
   4.3000000e+02
   3.9800000e+02
   3.9100000e+02
   4.0600000e+02
   4.0700000e+02
   3.9800000e+02
   4.0600000e+02
   4.1400000e+02
   4.1400000e+02
   4.2200000e+02
   4.1400000e+02
   4.1400000e+02
   4.2200000e+02
   4.1400000e+02
   4.1400000e+02
   4.2200000e+02
   4.2200000e+02
   4.3000000e+02
   4.0600000e+02
   4.2200000e+02
   4.3000000e+02
   4.1400000e+02
   4.2200000e+02
   4.2100000e+02
   4.1400000e+02
   4.3000000e+02
   4.1400000e+02
   4.1400000e+02
   4.2200000e+02
   4.1400000e+02
   4.0600000e+02
   4.1500000e+02
   4.1400000e+02
   4.0600000e+02
   4.0600000e+02
   4.0600000e+02
   4.3000000e+02
   3.7500000e+02
   3.9800000e+02
   3.9900000e+02
   3.9100000e+02
   3.8200000e+02
   3.9100000e+02
   3.8300000e+02
   3.8300000e+02
   3.8200000e+02
   3.8300000e+02
   3.9100000e+02
   4.2200000e+02
   4.5300000e+02
   4.8400000e+02
   4.6100000e+02
   4.4500000e+02
   4.3800000e+02
   4.5300000e+02
   4.4500000e+02
   4.3000000e+02
   4.3000000e+02
   4.2900000e+02
   4.1500000e+02
   3.9800000e+02
   4.5300000e+02
   4.2200000e+02
   4.1400000e+02
   4.3000000e+02
   4.2200000e+02
   4.2100000e+02
   4.3000000e+02
   4.2200000e+02
   4.2200000e+02
   4.3000000e+02
   4.5300000e+02
   4.2900000e+02
   4.3000000e+02
   4.3800000e+02
   4.2900000e+02
   4.3800000e+02
   4.2900000e+02
   4.3000000e+02
   4.3000000e+02
   4.2200000e+02
   4.2200000e+02
   4.2100000e+02
   4.2200000e+02
   4.1400000e+02
   4.0700000e+02
   4.1400000e+02
   3.9000000e+02
   4.0700000e+02
   3.9000000e+02
   3.9100000e+02
   3.9000000e+02
   3.9100000e+02
   3.8300000e+02
   3.9100000e+02
   3.8200000e+02
   3.9900000e+02
   3.9800000e+02
   4.0600000e+02
   4.0700000e+02
   4.0600000e+02
   3.9800000e+02
   3.9900000e+02
   4.1400000e+02
   4.0600000e+02
   4.0600000e+02
   4.1400000e+02
   4.0700000e+02
   4.0600000e+02
   4.0600000e+02
   4.0600000e+02
   3.9900000e+02
   4.0600000e+02
   3.9900000e+02
   3.9800000e+02
   3.9800000e+02
   3.9900000e+02
   3.9800000e+02
   3.9900000e+02
   3.9800000e+02
   3.9900000e+02
   3.9800000e+02
   4.0600000e+02
   4.1400000e+02
   4.2200000e+02
   4.3000000e+02
   4.3000000e+02
   4.2200000e+02
   4.2100000e+02
   4.2200000e+02
   4.1400000e+02
   4.2200000e+02
   4.2200000e+02
   4.2200000e+02
   4.2200000e+02
   4.2200000e+02
   4.3700000e+02
   4.2200000e+02
   4.0600000e+02
   4.0700000e+02
   4.1400000e+02
   4.0600000e+02
   4.2200000e+02
   3.9000000e+02
   3.9900000e+02
   3.9800000e+02
   3.9100000e+02
   4.1400000e+02
   7.8900000e+02
   3.9800000e+02
   3.8300000e+02
   3.7500000e+02
   3.9100000e+02
   3.7500000e+02
   3.9100000e+02
   3.8200000e+02
   3.8300000e+02
   3.8300000e+02
   3.7500000e+02
   3.9100000e+02
   3.9800000e+02
   4.0600000e+02
   4.0700000e+02
   4.1400000e+02
   4.2900000e+02
   4.2200000e+02
   4.2200000e+02
   4.5300000e+02
   4.3800000e+02
   4.6800000e+02
   4.9300000e+02
   4.8400000e+02
   4.7700000e+02
   4.6000000e+02
   4.6100000e+02
   4.6900000e+02
   4.4500000e+02
   4.5400000e+02
   4.2100000e+02
   4.3800000e+02
   4.4500000e+02
   4.3800000e+02
   4.4500000e+02
   4.3800000e+02
   4.5300000e+02
   4.2900000e+02
   4.1400000e+02
   4.3000000e+02
   4.3800000e+02
   4.2900000e+02
   4.3000000e+02
   4.5300000e+02
   4.1400000e+02
   4.1400000e+02
   4.1400000e+02
   4.2200000e+02
   4.1400000e+02
   4.1400000e+02
   4.1400000e+02
   4.0700000e+02
   4.0600000e+02
   4.0600000e+02
   4.0600000e+02
   4.0700000e+02
   3.9800000e+02
   3.9900000e+02
   3.9800000e+02
   3.8300000e+02
   3.8300000e+02
   3.9800000e+02
   3.6700000e+02
   3.8300000e+02
   3.8300000e+02
   3.9000000e+02
   3.6000000e+02
   3.8300000e+02
   3.9800000e+02
   3.5900000e+02
   3.7500000e+02
   3.7500000e+02
   3.7500000e+02
   3.7500000e+02
   3.7500000e+02
   3.8300000e+02
   3.7500000e+02
   3.8300000e+02
   3.7500000e+02
   3.7500000e+02
   3.7500000e+02
   4.0600000e+02
   3.5200000e+02
   3.7500000e+02
   3.7500000e+02
   3.8300000e+02
   3.6700000e+02
   3.7500000e+02
   3.7500000e+02
   3.8300000e+02
   3.4300000e+02
   3.6800000e+02
   3.5900000e+02
   3.5900000e+02
   3.6800000e+02
   3.5100000e+02
   3.6700000e+02
   3.6000000e+02
   3.4300000e+02
   3.6000000e+02
   3.5900000e+02
   3.6000000e+02
   3.5900000e+02
   3.5900000e+02
   3.5200000e+02
   3.5900000e+02
   3.6000000e+02
   3.6700000e+02
   3.7500000e+02
   3.5900000e+02
   3.5200000e+02
   3.6700000e+02
   3.6700000e+02
   3.6000000e+02
   3.6700000e+02
   3.5900000e+02
   3.8300000e+02
   3.5100000e+02
   3.6800000e+02
   3.6700000e+02
   7.3400000e+02
   3.6000000e+02
   3.6700000e+02
   3.5100000e+02
   3.5200000e+02
   3.5900000e+02
   3.6700000e+02
   3.5200000e+02
   3.6700000e+02
   3.6700000e+02
   3.9900000e+02
   3.8300000e+02
   3.9000000e+02
   3.7500000e+02
   4.0700000e+02
   4.4500000e+02
   4.2200000e+02
   4.2900000e+02
   4.0700000e+02
   4.0600000e+02
   4.0600000e+02
   3.9100000e+02
   3.7500000e+02
   3.8300000e+02
   3.9000000e+02
   3.9900000e+02
   3.9800000e+02
   4.1400000e+02
   4.2200000e+02
   3.8300000e+02
   4.0600000e+02
   3.9900000e+02
   3.9800000e+02
   3.8300000e+02
   3.9000000e+02
   3.8300000e+02
   3.9100000e+02
   3.5900000e+02
   3.7500000e+02
   3.7500000e+02
   3.8300000e+02
   3.7500000e+02
   3.5200000e+02
   3.6700000e+02
   3.6700000e+02
   3.5900000e+02
   3.7500000e+02
   3.8300000e+02
   3.7500000e+02
   3.6700000e+02
   3.6800000e+02
   3.7500000e+02
   3.5900000e+02
   3.8300000e+02
   3.9000000e+02
   3.7500000e+02
   3.8300000e+02
   3.7500000e+02
   3.8300000e+02
   3.8300000e+02
   3.8300000e+02
   3.9000000e+02
   4.0600000e+02
   4.1500000e+02
   4.0600000e+02
   4.2200000e+02
   4.0600000e+02
   3.7500000e+02
   3.9100000e+02
   4.1400000e+02
   3.9000000e+02
   4.2200000e+02
   4.2200000e+02
   4.2200000e+02
   4.1400000e+02
   4.2200000e+02
   4.2900000e+02
   4.0700000e+02
   4.2900000e+02
   3.9100000e+02
   4.1400000e+02
   4.1400000e+02
   4.1400000e+02
   4.3800000e+02
   3.9800000e+02
   4.3000000e+02
   3.9000000e+02
   4.1500000e+02
   4.1400000e+02
   4.0600000e+02
   4.0600000e+02
   4.0600000e+02
   4.2200000e+02
   4.1400000e+02
   4.1400000e+02
   4.2200000e+02
   4.1400000e+02
   4.1400000e+02
   4.1400000e+02
   4.2200000e+02
   4.2200000e+02
   4.2200000e+02
   4.2200000e+02
   4.1400000e+02
   4.2200000e+02
   4.2200000e+02
   4.2200000e+02
   4.1400000e+02
   4.1400000e+02
   4.1400000e+02
   4.0600000e+02
   3.9800000e+02
   3.9900000e+02
   4.0600000e+02
   4.0600000e+02
   4.3000000e+02
   3.8300000e+02
   4.1400000e+02
   4.2200000e+02
   4.1400000e+02
   4.2200000e+02
   4.1400000e+02
   4.1400000e+02
   4.1400000e+02
   4.1400000e+02
   4.1400000e+02
   4.3800000e+02
   3.9800000e+02
   4.3800000e+02
   4.4500000e+02
   4.0600000e+02
   4.1400000e+02
   4.2200000e+02
   4.1400000e+02
   4.0600000e+02
   8.2800000e+02
   4.0700000e+02
   4.0600000e+02
   4.1400000e+02
   4.0600000e+02
   4.0700000e+02
   4.0600000e+02
   4.0600000e+02
   4.1400000e+02
   3.9100000e+02
   3.9000000e+02
   3.9900000e+02
   4.1400000e+02
   4.1400000e+02
   4.0600000e+02
   3.9900000e+02
   4.0600000e+02
   4.2200000e+02
   4.0600000e+02
   4.1400000e+02
   3.9800000e+02
   4.0700000e+02
   4.0600000e+02
   3.9800000e+02
   3.9900000e+02
   3.9000000e+02
   3.9900000e+02
   3.6700000e+02
   3.8300000e+02
   3.7500000e+02
   3.8300000e+02
   3.8300000e+02
   3.6700000e+02
   3.8300000e+02
   3.6700000e+02
   3.6700000e+02
   3.7500000e+02
   3.6700000e+02
   3.8300000e+02
   3.7500000e+02
   3.8300000e+02
   3.7500000e+02
   3.7500000e+02
   3.8300000e+02
   3.7500000e+02
   3.9000000e+02
   3.6700000e+02
   3.8300000e+02
   3.8300000e+02
   3.7500000e+02
   3.6700000e+02
   3.7500000e+02
   3.7500000e+02
   3.7500000e+02
   3.6700000e+02
   3.7500000e+02
   3.6000000e+02
   3.6700000e+02
   3.5900000e+02
   3.6700000e+02
   3.6000000e+02
   3.6700000e+02
   3.6700000e+02
   3.6000000e+02
   3.8200000e+02
   3.6800000e+02
   3.9000000e+02
   3.6700000e+02
   3.9100000e+02
   3.8300000e+02
   3.9800000e+02
   3.9900000e+02
   3.9800000e+02
   3.9900000e+02
   4.1400000e+02
   4.1400000e+02
   4.0600000e+02
   4.1400000e+02
   4.0600000e+02
   3.9900000e+02
   3.9000000e+02
   3.9900000e+02
   3.9000000e+02
   3.9100000e+02
   3.9100000e+02
   3.8200000e+02
   3.8300000e+02
   3.7500000e+02
   3.8300000e+02
   3.8300000e+02
   3.8300000e+02
   3.8300000e+02
   3.9000000e+02
   3.9900000e+02
   3.9800000e+02
   3.9800000e+02
   4.0700000e+02
   3.9800000e+02
   3.9900000e+02
   4.0600000e+02
   3.9800000e+02
   3.9900000e+02
   3.9800000e+02
   4.0600000e+02
   3.9100000e+02
   3.9100000e+02
   3.9800000e+02
   3.9900000e+02
   3.9800000e+02
   3.9800000e+02
   3.9900000e+02
   3.9000000e+02
   4.0700000e+02
   3.8300000e+02
   3.9000000e+02
   3.9900000e+02
   3.8200000e+02
   3.9100000e+02
   3.8300000e+02
   3.8300000e+02
   3.8200000e+02
   3.8300000e+02
   3.7500000e+02
   3.7500000e+02
   3.8300000e+02
   3.7500000e+02
   3.7500000e+02
   3.6700000e+02
   3.7500000e+02
   3.6700000e+02
   3.6800000e+02
   3.5100000e+02
   3.6700000e+02
   3.6000000e+02
   3.6700000e+02
   3.6700000e+02
   3.6700000e+02
   3.7500000e+02
   3.6800000e+02
   3.8200000e+02
   3.9900000e+02
   4.1400000e+02
   3.9800000e+02
   3.8300000e+02
   3.8300000e+02
   3.8300000e+02
   3.8300000e+02
   3.9000000e+02
   3.9100000e+02
   3.9000000e+02
   3.9100000e+02
   3.8300000e+02
   3.9800000e+02
   3.9100000e+02
   3.9800000e+02
   3.9100000e+02
   3.9800000e+02
   3.9100000e+02
   3.9800000e+02
   3.9100000e+02
   3.9900000e+02
   3.9000000e+02
   3.9900000e+02
   3.9800000e+02
   3.9100000e+02
   3.9000000e+02
   3.9100000e+02
   3.9100000e+02
   3.8200000e+02
   3.7500000e+02
   3.8300000e+02
   3.7500000e+02
   3.7500000e+02
   3.8300000e+02
   3.7500000e+02
   3.8300000e+02
   3.8300000e+02
   3.7500000e+02
   3.9000000e+02
   3.8300000e+02
   3.8300000e+02
   3.9000000e+02
   3.8300000e+02
   3.8300000e+02
   3.9100000e+02
   3.9800000e+02
   3.9100000e+02
   3.9000000e+02
   3.8300000e+02
   3.9900000e+02
   3.8200000e+02
   3.8300000e+02
   3.8300000e+02
   3.9100000e+02
   3.7500000e+02
   3.8300000e+02
   3.9000000e+02
   3.6700000e+02
   3.6800000e+02
   3.7500000e+02
   3.7500000e+02
   3.7500000e+02
   3.7500000e+02
   3.7500000e+02
   3.7500000e+02
   3.8200000e+02
   3.6800000e+02
   3.6700000e+02
   3.7500000e+02
   3.8300000e+02
   3.7500000e+02
   3.8200000e+02
   3.8300000e+02
   3.8300000e+02
   3.9100000e+02
   3.9000000e+02
   3.9900000e+02
   3.9000000e+02
   3.9900000e+02
   3.9000000e+02
   3.9100000e+02
   3.9800000e+02
   3.9100000e+02
   3.8300000e+02
   3.9000000e+02
   3.9100000e+02
   3.8300000e+02
   3.9100000e+02
   3.8200000e+02
   3.7500000e+02
   3.7500000e+02
   3.8300000e+02
   3.7500000e+02
   3.7500000e+02
   3.7500000e+02
   3.8300000e+02
   3.7500000e+02
   3.7500000e+02
   3.6700000e+02
   3.7500000e+02
   3.7500000e+02
   3.8300000e+02
   3.7500000e+02
   3.7500000e+02
   3.8300000e+02
   3.8300000e+02
   3.9000000e+02
   3.9900000e+02
   4.0600000e+02
   3.9800000e+02
   3.8300000e+02
   3.8300000e+02
   3.9100000e+02
   3.9000000e+02
   3.9900000e+02
   4.1400000e+02
   4.1400000e+02
   4.0600000e+02
   4.0600000e+02
   3.9900000e+02
   4.0600000e+02
   4.0600000e+02
   3.9900000e+02
   3.9800000e+02
   3.8300000e+02
   3.9100000e+02
   3.8200000e+02
   3.9100000e+02
   3.9800000e+02
   3.9100000e+02
   3.9800000e+02
   3.9900000e+02
   4.1400000e+02
   4.0600000e+02
   4.0600000e+02
   4.3000000e+02
   4.2200000e+02
   4.3000000e+02
   4.1400000e+02
   4.1400000e+02
   4.2200000e+02
   4.1400000e+02
   4.1400000e+02
   4.0600000e+02
   4.0600000e+02
   4.0700000e+02
   3.9000000e+02
   3.9100000e+02
   3.9000000e+02
   4.0700000e+02
   4.2900000e+02
   4.1400000e+02
   4.3800000e+02
   4.3000000e+02
   4.5300000e+02
   4.6900000e+02
   4.6800000e+02
   4.7700000e+02
   4.6100000e+02
   4.5300000e+02
   4.4500000e+02
   4.4600000e+02
   4.2900000e+02
   4.2200000e+02
   4.1400000e+02
   4.0600000e+02
   4.0700000e+02
   3.9800000e+02
   3.9900000e+02
   3.9800000e+02
   3.7500000e+02
   3.9100000e+02
   3.8200000e+02
   3.8300000e+02
   3.9100000e+02
   3.8300000e+02
   3.8200000e+02
   3.9100000e+02
   3.8300000e+02
   3.8300000e+02
   3.8300000e+02
   3.9000000e+02
   3.8300000e+02
   4.0600000e+02
   4.2200000e+02
   3.9100000e+02
   3.9800000e+02
   3.9900000e+02
   3.9000000e+02
   3.9100000e+02
   4.0600000e+02
   3.8300000e+02
   3.7500000e+02
   3.9800000e+02
   3.9900000e+02
   3.9800000e+02
   3.9100000e+02
   4.0600000e+02
   3.9900000e+02
   3.9000000e+02
   3.9900000e+02
   3.9000000e+02
   3.9900000e+02
   3.8200000e+02
   3.9100000e+02
   3.9100000e+02
   3.9000000e+02
   3.9100000e+02
   3.9100000e+02
   3.8200000e+02
   3.8300000e+02
   3.8300000e+02
   3.8300000e+02
   3.7500000e+02
   3.7500000e+02
   3.9000000e+02
   3.7500000e+02
   3.9900000e+02
   3.9100000e+02
   3.9800000e+02
   3.9800000e+02
   4.0700000e+02
   4.0600000e+02
   3.9800000e+02
   4.0700000e+02
   4.0600000e+02
   4.0600000e+02
   4.0600000e+02
   4.0700000e+02
   4.0600000e+02
   3.9000000e+02
   3.9900000e+02
   3.8300000e+02
   3.9000000e+02
   3.8300000e+02
   3.9900000e+02
   3.9800000e+02
   3.9100000e+02
   3.9800000e+02
   3.9900000e+02
   3.9800000e+02
   4.0600000e+02
   3.9900000e+02
   3.9000000e+02
   3.7500000e+02
   3.9900000e+02
   3.9800000e+02
   4.0600000e+02
   4.0700000e+02
   3.9800000e+02
   3.9100000e+02
   3.9800000e+02
   4.0600000e+02
   4.0700000e+02
   4.2200000e+02
   4.1400000e+02
   4.2100000e+02
   4.3800000e+02
   4.3000000e+02
   4.2200000e+02
   4.2100000e+02
   4.2200000e+02
   4.1400000e+02
   4.1400000e+02
   4.1400000e+02
   4.1500000e+02
   4.1400000e+02
   4.1400000e+02
   4.2200000e+02
   4.2100000e+02
   4.2200000e+02
   4.1400000e+02
   4.1400000e+02
   4.2200000e+02
   4.2200000e+02
   4.1400000e+02
   4.1400000e+02
   4.1400000e+02
   4.2200000e+02
   4.1400000e+02
   4.2200000e+02
   4.1400000e+02
   4.1400000e+02
   4.0700000e+02
   4.1400000e+02
   4.0600000e+02
   4.1400000e+02
   4.1400000e+02
   4.2200000e+02
   4.0600000e+02
   4.2200000e+02
   4.2200000e+02
   4.1400000e+02
   4.1400000e+02
   4.1400000e+02
   4.3000000e+02
   4.0600000e+02
   4.3700000e+02
   4.3000000e+02
   4.3800000e+02
   4.2200000e+02
   4.1400000e+02
   4.2100000e+02
   4.3000000e+02
   4.3000000e+02
   4.2200000e+02
   4.2200000e+02
   4.1400000e+02
   4.2200000e+02
   4.1400000e+02
   4.2100000e+02
   4.2200000e+02
   4.0700000e+02
   4.2900000e+02
   4.0700000e+02
   4.1400000e+02
   3.9800000e+02
   4.0600000e+02
   4.0700000e+02
   4.1400000e+02
   4.1400000e+02
   4.0600000e+02
   4.0600000e+02
   4.1400000e+02
   4.1400000e+02
   4.0700000e+02
   4.1400000e+02
   4.0600000e+02
   4.1400000e+02
   4.0600000e+02
   4.2200000e+02
   3.9800000e+02
   4.1500000e+02
   4.1400000e+02
   4.0600000e+02
   3.9800000e+02
   4.0700000e+02
   4.0600000e+02
   4.0600000e+02
   3.9800000e+02
   4.3000000e+02
   4.0600000e+02
   3.9900000e+02
   4.1400000e+02
   4.1400000e+02
   4.2200000e+02
   4.0600000e+02
   4.1400000e+02
   4.2200000e+02
   4.0600000e+02
   4.1400000e+02
   4.2200000e+02
   4.2200000e+02
   4.1400000e+02
   4.1400000e+02
   4.1400000e+02
   4.0700000e+02
