   3.8978100e+02
   3.6700000e+02
   6.8000000e+02
   3.5200000e+02
   3.5900000e+02
   3.5100000e+02
   3.5200000e+02
   3.5200000e+02
   3.5100000e+02
   3.6000000e+02
   3.5900000e+02
   1.0940000e+03
   3.5900000e+02
   3.6700000e+02
   3.6000000e+02
   3.7500000e+02
   3.5900000e+02
   3.9100000e+02
   6.7900000e+02
   3.6000000e+02
   3.6700000e+02
   3.5100000e+02
   3.7500000e+02
   3.6800000e+02
   3.6700000e+02
   3.6700000e+02
   3.7500000e+02
   3.8300000e+02
   3.6700000e+02
   3.8300000e+02
   3.7500000e+02
   3.6700000e+02
   3.9100000e+02
   3.7500000e+02
   3.7500000e+02
   3.6700000e+02
   3.7500000e+02
   3.6700000e+02
   3.7500000e+02
   3.6700000e+02
   3.7500000e+02
   3.6700000e+02
   3.6800000e+02
   3.6700000e+02
   3.5900000e+02
   3.5900000e+02
   3.6800000e+02
   3.6700000e+02
   3.5900000e+02
   3.6700000e+02
   3.6000000e+02
   3.8300000e+02
   3.6700000e+02
   3.6700000e+02
   3.7500000e+02
   3.5900000e+02
   3.7500000e+02
   3.6800000e+02
   3.5900000e+02
   3.6700000e+02
   3.5900000e+02
   7.2700000e+02
   3.5900000e+02
   3.6000000e+02
   7.2600000e+02
   3.5200000e+02
   3.6700000e+02
   3.5200000e+02
   3.5900000e+02
   3.5200000e+02
   3.5100000e+02
   3.5200000e+02
   3.5100000e+02
   3.4400000e+02
   3.5200000e+02
   3.5100000e+02
   3.4400000e+02
   3.4400000e+02
   3.5100000e+02
   3.6000000e+02
   3.5100000e+02
   3.4400000e+02
   3.4300000e+02
   3.5200000e+02
   3.5200000e+02
   3.3600000e+02
   3.5100000e+02
   3.4400000e+02
   3.5100000e+02
   3.4400000e+02
   3.3600000e+02
   3.4400000e+02
   3.4400000e+02
   3.4300000e+02
   3.6000000e+02
   3.4300000e+02
   3.4400000e+02
   3.4400000e+02
   3.5900000e+02
   3.4400000e+02
   3.4400000e+02
   3.5100000e+02
   3.5200000e+02
   3.5200000e+02
   3.5100000e+02
   3.5200000e+02
   3.5100000e+02
   3.6000000e+02
   3.5100000e+02
   3.5200000e+02
   3.4300000e+02
   3.6000000e+02
   3.5100000e+02
   3.5200000e+02
   3.5200000e+02
   3.4300000e+02
   3.4400000e+02
   3.4400000e+02
   3.4400000e+02
   3.5100000e+02
   3.4400000e+02
   3.6700000e+02
   3.8300000e+02
   3.9000000e+02
   3.9900000e+02
   4.0600000e+02
   3.9800000e+02
   4.1500000e+02
   4.0600000e+02
   4.2200000e+02
   4.2200000e+02
   4.1400000e+02
   4.1400000e+02
   4.0600000e+02
   3.9800000e+02
   3.9100000e+02
   3.9100000e+02
   3.7500000e+02
   3.8200000e+02
   3.7500000e+02
   3.8300000e+02
   3.6700000e+02
   3.8300000e+02
   3.9100000e+02
   3.7500000e+02
   4.0600000e+02
   3.8300000e+02
   3.9100000e+02
   4.0600000e+02
   4.0600000e+02
   4.0600000e+02
   4.0700000e+02
   3.9000000e+02
   3.9900000e+02
   3.9000000e+02
   3.8300000e+02
   3.8300000e+02
   3.8300000e+02
   3.7500000e+02
   3.9800000e+02
   3.9900000e+02
   3.7500000e+02
   3.8200000e+02
   3.9100000e+02
   3.7500000e+02
   3.7500000e+02
   3.8300000e+02
   3.8300000e+02
   3.9000000e+02
   3.9900000e+02
   3.9800000e+02
   3.9100000e+02
   3.9800000e+02
   3.9100000e+02
   3.8300000e+02
   3.8200000e+02
   3.6800000e+02
   3.8200000e+02
   3.8300000e+02
   3.6700000e+02
   3.7500000e+02
   3.6800000e+02
   3.6700000e+02
   3.8300000e+02
   3.3600000e+02
   3.6700000e+02
   3.6700000e+02
   3.5100000e+02
   3.6800000e+02
   3.5900000e+02
   3.5900000e+02
   3.6000000e+02
   3.6700000e+02
   3.6700000e+02
   3.8300000e+02
   3.6700000e+02
   3.7500000e+02
   3.6700000e+02
   3.6800000e+02
   3.5900000e+02
   3.6700000e+02
   3.7500000e+02
   3.7500000e+02
   3.7500000e+02
   3.7500000e+02
   3.9100000e+02
   3.9800000e+02
   3.8300000e+02
   4.0600000e+02
   4.1400000e+02
   4.3800000e+02
   4.3700000e+02
   4.3000000e+02
   4.3000000e+02
   4.2900000e+02
   4.1400000e+02
   3.9900000e+02
   4.1400000e+02
   3.9100000e+02
   3.9000000e+02
   3.8300000e+02
   3.9100000e+02
   3.8200000e+02
   3.8300000e+02
   3.7500000e+02
   3.6700000e+02
   3.7500000e+02
   3.7500000e+02
   3.6800000e+02
   3.6700000e+02
   3.7500000e+02
   3.7500000e+02
   3.8300000e+02
   3.7500000e+02
   3.8200000e+02
   3.9100000e+02
   3.9800000e+02
   3.9100000e+02
   3.8300000e+02
   3.9100000e+02
   3.9000000e+02
   3.8300000e+02
   3.8300000e+02
   3.8300000e+02
   3.7500000e+02
   3.8200000e+02
   4.0700000e+02
   4.0600000e+02
   3.9800000e+02
   4.3000000e+02
   4.3800000e+02
   4.3700000e+02
   4.4500000e+02
   4.6100000e+02
   4.5300000e+02
   4.4600000e+02
   4.6100000e+02
   4.5300000e+02
   4.4500000e+02
   4.4500000e+02
   4.6900000e+02
   4.4500000e+02
   4.4600000e+02
   4.2200000e+02
   4.2200000e+02
   4.1400000e+02
   4.1400000e+02
   4.1400000e+02
   4.2200000e+02
   3.9800000e+02
   3.9800000e+02
   3.9900000e+02
   3.9800000e+02
   4.3000000e+02
   4.4500000e+02
   4.2200000e+02
   3.9900000e+02
   3.9800000e+02
   3.9100000e+02
   3.9000000e+02
   3.9100000e+02
   4.0600000e+02
   4.2200000e+02
   4.1400000e+02
   4.1400000e+02
   4.0600000e+02
   4.0700000e+02
   4.1400000e+02
   3.9000000e+02
   4.0700000e+02
   3.9000000e+02
   3.8300000e+02
   3.8300000e+02
   3.7500000e+02
   3.7500000e+02
   3.6700000e+02
   3.8300000e+02
   3.7500000e+02
   3.9100000e+02
   3.9000000e+02
   3.9100000e+02
   3.9000000e+02
   4.0700000e+02
   4.1400000e+02
   4.1400000e+02
   4.1400000e+02
   4.3000000e+02
   4.2100000e+02
   4.3800000e+02
   4.3000000e+02
   4.2900000e+02
   4.3800000e+02
   4.3700000e+02
   4.5300000e+02
   4.3000000e+02
   4.4500000e+02
   4.5400000e+02
   4.2100000e+02
   4.3800000e+02
   4.3000000e+02
   4.4500000e+02
   4.1400000e+02
   4.3000000e+02
   4.2200000e+02
   4.1400000e+02
   4.1400000e+02
   4.2200000e+02
   4.1400000e+02
   4.2100000e+02
   4.3000000e+02
   4.1400000e+02
   4.0600000e+02
   3.9900000e+02
   3.9800000e+02
   4.0700000e+02
   3.8200000e+02
   3.9100000e+02
   3.7500000e+02
   3.9100000e+02
   3.9800000e+02
   4.1400000e+02
   4.1400000e+02
   4.3000000e+02
   4.1400000e+02
   4.0600000e+02
   4.1400000e+02
   4.1400000e+02
   4.1400000e+02
   4.0700000e+02
   4.0600000e+02
   4.0600000e+02
   3.9100000e+02
   3.9800000e+02
   3.9900000e+02
   3.9000000e+02
   3.8300000e+02
   3.9100000e+02
   3.8300000e+02
   3.7500000e+02
   3.7500000e+02
   3.7500000e+02
   3.6700000e+02
   3.9800000e+02
   4.0600000e+02
   3.9100000e+02
   4.0600000e+02
   3.9900000e+02
   4.0600000e+02
   4.1400000e+02
   3.9800000e+02
   4.1500000e+02
   4.0600000e+02
   4.2200000e+02
   4.0600000e+02
   4.0600000e+02
   3.9900000e+02
   3.9000000e+02
   4.0600000e+02
   3.9900000e+02
   3.9800000e+02
   4.2200000e+02
   4.2200000e+02
   4.1400000e+02
   4.0600000e+02
   4.2200000e+02
   3.9900000e+02
   4.0600000e+02
   3.9100000e+02
   4.0600000e+02
   3.9800000e+02
   3.9900000e+02
   4.0600000e+02
   3.9800000e+02
   3.9100000e+02
   4.0600000e+02
   4.0700000e+02
   4.0600000e+02
   4.1400000e+02
   4.1400000e+02
   3.9800000e+02
   3.9900000e+02
   3.9800000e+02
   3.9100000e+02
   3.9000000e+02
   3.9100000e+02
   3.9100000e+02
   3.8300000e+02
   3.8200000e+02
   3.7500000e+02
   3.7500000e+02
   3.7500000e+02
   3.7500000e+02
   3.8300000e+02
   4.3000000e+02
   3.9800000e+02
   4.0700000e+02
   3.9000000e+02
   4.2200000e+02
   4.3000000e+02
   4.2900000e+02
   4.3800000e+02
   4.3700000e+02
   4.3000000e+02
   4.3800000e+02
   4.2900000e+02
   4.3000000e+02
   4.3700000e+02
   4.3800000e+02
   4.2200000e+02
   4.3700000e+02
   4.3000000e+02
   4.3000000e+02
   4.2200000e+02
   4.2900000e+02
   4.2200000e+02
   4.2200000e+02
   4.2200000e+02
   4.1400000e+02
   4.3000000e+02
   4.2900000e+02
   4.2200000e+02
   4.0600000e+02
   4.1500000e+02
   3.9000000e+02
   3.9900000e+02
   3.9000000e+02
   3.9100000e+02
   3.9000000e+02
   3.9100000e+02
   3.9100000e+02
   3.9800000e+02
   3.9100000e+02
   3.9000000e+02
   3.8300000e+02
   3.9100000e+02
   3.7500000e+02
   3.8300000e+02
   3.8200000e+02
   3.8300000e+02
   3.9100000e+02
   3.9100000e+02
   3.9000000e+02
   3.8300000e+02
   3.9100000e+02
   3.9000000e+02
   4.0600000e+02
   4.0700000e+02
   4.0600000e+02
   3.9800000e+02
   3.9900000e+02
   3.9800000e+02
   3.9900000e+02
   3.9000000e+02
   4.0700000e+02
   3.9800000e+02
   3.9800000e+02
   4.0700000e+02
   3.9000000e+02
   4.0700000e+02
   3.8200000e+02
   3.9900000e+02
   3.9800000e+02
   3.9100000e+02
   3.9100000e+02
   3.9000000e+02
   3.8300000e+02
   3.9100000e+02
   3.9800000e+02
   3.9100000e+02
   3.9800000e+02
   3.9100000e+02
   3.9000000e+02
   3.8300000e+02
   3.9100000e+02
   3.9000000e+02
   3.8300000e+02
   3.7500000e+02
   3.7500000e+02
   3.8300000e+02
   3.8300000e+02
   3.9800000e+02
   3.9100000e+02
   3.8300000e+02
   3.7500000e+02
   3.8300000e+02
   3.9000000e+02
   3.6700000e+02
   3.7500000e+02
   3.6800000e+02
   3.7500000e+02
   3.7500000e+02
   3.6700000e+02
   3.8300000e+02
   3.7500000e+02
   3.6700000e+02
   3.7500000e+02
   3.6700000e+02
   3.7500000e+02
   3.6700000e+02
   3.7500000e+02
   3.8300000e+02
   3.8300000e+02
   3.9800000e+02
   3.9900000e+02
   4.0600000e+02
   4.1400000e+02
   4.2200000e+02
   4.2200000e+02
   4.2200000e+02
   4.2100000e+02
   4.3000000e+02
   4.3000000e+02
   4.2200000e+02
   3.9800000e+02
   4.1400000e+02
   4.0600000e+02
   4.2200000e+02
   4.2200000e+02
   4.1400000e+02
   4.0600000e+02
   4.0700000e+02
   4.0600000e+02
   4.0600000e+02
   4.1400000e+02
   3.9900000e+02
   4.1400000e+02
   4.0600000e+02
   3.9800000e+02
   3.9100000e+02
   3.9100000e+02
   3.9000000e+02
   3.9100000e+02
   3.9100000e+02
   3.9800000e+02
   3.9800000e+02
   3.8300000e+02
   3.9900000e+02
   3.9800000e+02
   3.9900000e+02
   3.9800000e+02
   3.9800000e+02
   4.1500000e+02
   4.0600000e+02
   4.2900000e+02
   4.2200000e+02
   4.3000000e+02
   4.1400000e+02
   4.1400000e+02
   3.9900000e+02
   4.2100000e+02
   4.0700000e+02
   4.1400000e+02
   4.0600000e+02
   4.0600000e+02
   4.0700000e+02
   3.9000000e+02
   4.0600000e+02
   3.9900000e+02
   4.0600000e+02
   4.0600000e+02
   4.0700000e+02
   4.0600000e+02
   3.9800000e+02
   4.0700000e+02
   3.9800000e+02
   4.1400000e+02
   3.9800000e+02
   4.1500000e+02
   3.9800000e+02
   4.2200000e+02
   3.9800000e+02
   4.1400000e+02
   3.9900000e+02
   4.0600000e+02
   3.9800000e+02
   3.9900000e+02
   3.9800000e+02
   3.9100000e+02
   3.9100000e+02
   3.8200000e+02
   3.8300000e+02
   3.9900000e+02
   3.9000000e+02
   3.9100000e+02
   3.8300000e+02
   3.9000000e+02
   3.9900000e+02
   4.0600000e+02
   4.0600000e+02
   3.9900000e+02
   3.9000000e+02
   3.9900000e+02
   3.9000000e+02
   4.0700000e+02
   3.9000000e+02
   3.9900000e+02
   4.0600000e+02
   3.9800000e+02
   4.0700000e+02
   3.9800000e+02
   3.9900000e+02
   3.9000000e+02
   3.9900000e+02
   3.9800000e+02
   4.0600000e+02
   3.9900000e+02
   3.9800000e+02
   4.0600000e+02
   3.9100000e+02
   3.9100000e+02
   3.9800000e+02
   4.0600000e+02
   4.0700000e+02
   4.1400000e+02
   3.8200000e+02
   4.0700000e+02
   4.0600000e+02
   4.0600000e+02
   4.0600000e+02
   4.1500000e+02
   4.1400000e+02
   4.2100000e+02
   4.1500000e+02
   4.0600000e+02
   4.1400000e+02
   4.1400000e+02
   4.2200000e+02
   4.1400000e+02
   4.0600000e+02
   4.0600000e+02
   4.0700000e+02
   4.1400000e+02
   3.9800000e+02
   3.9100000e+02
   3.9800000e+02
   3.9100000e+02
   3.9000000e+02
   3.8300000e+02
   3.8300000e+02
   3.8300000e+02
   3.7500000e+02
   3.8300000e+02
   3.7500000e+02
   3.6700000e+02
   3.8300000e+02
   3.6700000e+02
   3.9000000e+02
   3.9100000e+02
   3.9100000e+02
   3.7500000e+02
   3.9000000e+02
   3.8300000e+02
   3.8300000e+02
   3.7500000e+02
   3.9100000e+02
   3.6700000e+02
   3.8300000e+02
   3.7500000e+02
   3.8200000e+02
   3.6800000e+02
   3.7500000e+02
   3.7500000e+02
   3.6700000e+02
   3.5900000e+02
   3.6700000e+02
   3.6800000e+02
   3.6700000e+02
   3.6700000e+02
   3.6700000e+02
   3.7500000e+02
   3.7500000e+02
   3.8300000e+02
   3.7500000e+02
   3.8300000e+02
   3.9000000e+02
   3.8300000e+02
   3.9100000e+02
   3.8300000e+02
   3.9000000e+02
   4.0600000e+02
   4.1500000e+02
   4.0600000e+02
   4.0600000e+02
   3.9800000e+02
   4.0700000e+02
   4.1400000e+02
   3.9800000e+02
   3.9100000e+02
   3.9000000e+02
   3.9100000e+02
   3.8300000e+02
   3.8300000e+02
   3.8300000e+02
   3.6700000e+02
   3.7500000e+02
   3.6700000e+02
   3.6700000e+02
   3.8300000e+02
   3.8300000e+02
   3.9000000e+02
   3.7500000e+02
   3.9100000e+02
   3.9100000e+02
   3.8200000e+02
   3.9900000e+02
   4.0600000e+02
   3.9900000e+02
   3.9800000e+02
   3.9100000e+02
   3.9800000e+02
   4.0600000e+02
   4.0700000e+02
   3.9000000e+02
   4.0600000e+02
   3.8300000e+02
   3.9900000e+02
   3.8200000e+02
   3.8300000e+02
   3.8300000e+02
   3.7500000e+02
   3.7500000e+02
   3.6700000e+02
   3.7500000e+02
   3.7500000e+02
   3.8300000e+02
   3.7500000e+02
   3.7500000e+02
   3.6700000e+02
   3.6700000e+02
   3.7500000e+02
   3.9100000e+02
   3.9900000e+02
   7.6500000e+02
   3.8300000e+02
   3.9100000e+02
   3.9000000e+02
   3.9100000e+02
   4.1400000e+02
   3.7500000e+02
   3.9800000e+02
   3.7500000e+02
   3.7500000e+02
   3.8300000e+02
   3.8300000e+02
   3.7500000e+02
   3.7500000e+02
   3.7500000e+02
   3.7500000e+02
   3.7500000e+02
   3.6700000e+02
   3.7500000e+02
   3.7500000e+02
   3.6700000e+02
   3.6800000e+02
   3.7500000e+02
   3.5900000e+02
   3.7500000e+02
   3.6700000e+02
   3.7500000e+02
   3.5900000e+02
   3.7500000e+02
   3.7500000e+02
   3.8300000e+02
   3.8300000e+02
   3.9100000e+02
   3.8300000e+02
   3.8200000e+02
   3.8300000e+02
   3.7500000e+02
   3.8300000e+02
   3.6700000e+02
   3.7500000e+02
   3.6700000e+02
   3.7500000e+02
   3.6000000e+02
   3.6700000e+02
   3.7500000e+02
   3.6700000e+02
   3.6700000e+02
   3.6700000e+02
   3.6800000e+02
   3.6700000e+02
   3.8300000e+02
   3.7500000e+02
   3.7500000e+02
   3.7500000e+02
   3.7500000e+02
   3.7500000e+02
   3.8200000e+02
   3.8300000e+02
   3.9100000e+02
   3.9800000e+02
   3.9900000e+02
   3.9800000e+02
   4.0600000e+02
   3.9100000e+02
   4.0600000e+02
   4.0700000e+02
   3.9800000e+02
   3.9800000e+02
   3.9100000e+02
   3.9900000e+02
   3.8200000e+02
   3.8300000e+02
   3.7500000e+02
   3.9100000e+02
   3.7500000e+02
   3.7500000e+02
   3.6700000e+02
   3.6700000e+02
   3.6700000e+02
   3.6800000e+02
   3.6700000e+02
   3.7500000e+02
   3.8300000e+02
   3.7500000e+02
   3.8200000e+02
   3.6800000e+02
   3.7500000e+02
   3.7500000e+02
   3.6700000e+02
   3.7500000e+02
   3.7500000e+02
   3.6700000e+02
   3.7500000e+02
   3.5900000e+02
   3.6700000e+02
   3.6800000e+02
   3.5900000e+02
   3.5900000e+02
   3.6800000e+02
   3.5900000e+02
   3.5200000e+02
   3.5900000e+02
   3.4400000e+02
   3.5900000e+02
   3.4400000e+02
   3.4400000e+02
   3.4300000e+02
   3.6000000e+02
   3.4300000e+02
   3.3600000e+02
   3.5200000e+02
   3.4400000e+02
   3.5100000e+02
   3.2800000e+02
   3.5200000e+02
   3.4400000e+02
   3.4300000e+02
   3.4400000e+02
   3.3600000e+02
   3.5900000e+02
   3.5200000e+02
   3.3600000e+02
   3.4400000e+02
   3.5100000e+02
   3.6700000e+02
   3.4400000e+02
   3.6000000e+02
   3.5900000e+02
   3.7500000e+02
   3.5900000e+02
   3.7500000e+02
   3.7500000e+02
   3.9100000e+02
   4.1400000e+02
   3.8300000e+02
   3.7500000e+02
   3.7500000e+02
   3.7500000e+02
   3.7500000e+02
   3.8300000e+02
   3.8200000e+02
   3.7500000e+02
   3.7500000e+02
   3.8300000e+02
   3.8300000e+02
   3.8300000e+02
   3.8300000e+02
   3.7500000e+02
   3.7500000e+02
   3.6700000e+02
   3.7500000e+02
   3.6700000e+02
   3.7500000e+02
   3.7500000e+02
   3.7500000e+02
   3.5900000e+02
   3.7500000e+02
   3.6000000e+02
   3.7500000e+02
   3.5100000e+02
   3.5200000e+02
   3.6700000e+02
   3.6000000e+02
   3.5900000e+02
   3.5900000e+02
   3.5200000e+02
   3.5900000e+02
   3.7500000e+02
   3.4400000e+02
   3.6700000e+02
   3.6000000e+02
   3.5900000e+02
   3.7500000e+02
   3.5100000e+02
   3.6800000e+02
   3.6700000e+02
   3.5900000e+02
   3.6700000e+02
   3.6000000e+02
   3.6700000e+02
   3.5900000e+02
   3.7500000e+02
   3.6800000e+02
   3.5900000e+02
   3.6700000e+02
   3.5900000e+02
   3.7500000e+02
   3.6000000e+02
   3.8300000e+02
   3.8200000e+02
   3.7500000e+02
   3.7500000e+02
   3.8300000e+02
   3.8300000e+02
   3.6700000e+02
   3.8300000e+02
   3.5900000e+02
   3.7500000e+02
   3.6800000e+02
   3.6700000e+02
   3.8300000e+02
   3.8200000e+02
   3.8300000e+02
   3.9900000e+02
   3.8300000e+02
   3.9000000e+02
   3.9100000e+02
   3.8300000e+02
   3.9800000e+02
   3.7500000e+02
   3.7500000e+02
   3.7500000e+02
   3.8300000e+02
   3.9000000e+02
   3.9100000e+02
   3.8300000e+02
   3.8300000e+02
   3.9000000e+02
   3.9100000e+02
   3.9800000e+02
   4.0700000e+02
   3.8200000e+02
   3.9100000e+02
   3.9900000e+02
   3.8200000e+02
   3.9100000e+02
   3.8300000e+02
   3.9000000e+02
   3.9100000e+02
   3.9100000e+02
   3.9000000e+02
   3.9900000e+02
   4.0600000e+02
   4.1400000e+02
   4.0600000e+02
   4.1400000e+02
   4.2200000e+02
   4.0600000e+02
   4.1500000e+02
   4.1400000e+02
   4.0600000e+02
   3.9000000e+02
   3.9100000e+02
   3.9100000e+02
   3.9000000e+02
   3.9100000e+02
   3.9100000e+02
   3.9000000e+02
