   4.2432800e+02
   4.3000000e+02
   4.2100000e+02
   4.1400000e+02
   4.3000000e+02
   4.3800000e+02
   4.2900000e+02
   4.3000000e+02
   4.3000000e+02
   4.2900000e+02
   4.4600000e+02
   4.3700000e+02
   4.5300000e+02
   4.4600000e+02
   4.4500000e+02
   4.5300000e+02
   4.5300000e+02
   4.6100000e+02
   4.5300000e+02
   4.6900000e+02
   4.5300000e+02
   4.5300000e+02
   4.6100000e+02
   4.0600000e+02
   5.0800000e+02
   4.4600000e+02
   4.3700000e+02
   4.4500000e+02
   3.2100000e+02
   5.4700000e+02
   4.4500000e+02
   4.4500000e+02
   4.3000000e+02
   4.1400000e+02
   4.2200000e+02
   4.2200000e+02
   4.1400000e+02
   4.2200000e+02
   4.2200000e+02
   3.9800000e+02
   4.2200000e+02
   4.0600000e+02
   4.0600000e+02
   4.0700000e+02
   4.0600000e+02
   4.0600000e+02
   4.0600000e+02
   4.0700000e+02
   4.0600000e+02
   4.0600000e+02
   4.1400000e+02
   4.1400000e+02
   4.0600000e+02
   3.9900000e+02
   3.9800000e+02
   4.0700000e+02
   3.9800000e+02
   3.9100000e+02
   3.9000000e+02
   3.9100000e+02
   3.9100000e+02
   3.9800000e+02
   3.9800000e+02
   3.9100000e+02
   3.8300000e+02
   3.9800000e+02
   3.9100000e+02
   4.0600000e+02
   3.9900000e+02
   4.2100000e+02
   4.4600000e+02
   1.2650000e+03
   4.3800000e+02
   4.2200000e+02
   4.0600000e+02
   4.1400000e+02
   4.0600000e+02
   4.0700000e+02
   8.2000000e+02
   3.9800000e+02
   4.1400000e+02
   4.2200000e+02
   4.3000000e+02
   4.1400000e+02
   4.2200000e+02
   4.3700000e+02
   4.2200000e+02
   4.2200000e+02
   4.0600000e+02
   4.1400000e+02
   4.1500000e+02
   4.1400000e+02
   4.0600000e+02
   4.1400000e+02
   4.0600000e+02
   4.0600000e+02
   4.1400000e+02
   3.9900000e+02
   4.2200000e+02
   4.1400000e+02
   4.2200000e+02
   4.2200000e+02
   4.2100000e+02
   4.2200000e+02
   4.2200000e+02
   4.2200000e+02
   4.1400000e+02
   4.2200000e+02
   4.1400000e+02
   4.1400000e+02
   4.1400000e+02
   4.2200000e+02
   4.1400000e+02
   4.1400000e+02
   4.0600000e+02
   4.0700000e+02
   4.0600000e+02
   4.1400000e+02
   4.1400000e+02
   4.0600000e+02
   4.1400000e+02
   4.1400000e+02
   4.1500000e+02
   4.1400000e+02
   4.2100000e+02
   4.1500000e+02
   4.2100000e+02
   4.2200000e+02
   4.3000000e+02
   4.3000000e+02
   4.2900000e+02
   4.3000000e+02
   4.2200000e+02
   4.3000000e+02
   4.2900000e+02
   4.2200000e+02
   4.0600000e+02
   4.0700000e+02
   4.0600000e+02
   4.1400000e+02
   4.0600000e+02
   4.1400000e+02
   4.2200000e+02
   4.2200000e+02
   4.1400000e+02
   4.0600000e+02
   4.0700000e+02
   4.0600000e+02
   3.9800000e+02
   3.9900000e+02
   3.9800000e+02
   3.9100000e+02
   3.9800000e+02
   7.8900000e+02
   5.4700000e+02
   2.4200000e+02
   3.9900000e+02
   4.1400000e+02
   3.9800000e+02
   3.9100000e+02
   3.9100000e+02
   3.9800000e+02
   4.0600000e+02
   4.0600000e+02
   4.0700000e+02
   4.1400000e+02
   4.1400000e+02
   4.2200000e+02
   4.2200000e+02
   4.2100000e+02
   4.2200000e+02
   4.1400000e+02
   4.1400000e+02
   4.0700000e+02
   3.9800000e+02
   4.0600000e+02
   4.2200000e+02
   4.1400000e+02
   4.1400000e+02
   4.1400000e+02
   4.2200000e+02
   4.3800000e+02
   4.2200000e+02
   4.2900000e+02
   4.3000000e+02
   4.2200000e+02
   4.3000000e+02
   4.1400000e+02
   4.2200000e+02
   4.2100000e+02
   4.1500000e+02
   4.1400000e+02
   4.1400000e+02
   4.1400000e+02
   4.1400000e+02
   4.1400000e+02
   3.9000000e+02
   7.9700000e+02
   3.9100000e+02
   3.9800000e+02
   3.9900000e+02
   3.9000000e+02
   4.0700000e+02
   3.9000000e+02
   3.9100000e+02
   3.8300000e+02
   3.9800000e+02
   3.9900000e+02
   3.9000000e+02
   3.9900000e+02
   3.9800000e+02
   3.8300000e+02
   3.9100000e+02
   3.9000000e+02
   3.8300000e+02
   3.9100000e+02
   3.8200000e+02
   3.9100000e+02
   3.9900000e+02
   4.0600000e+02
   3.9800000e+02
   4.0600000e+02
   3.9900000e+02
   3.9800000e+02
   3.9900000e+02
   4.0600000e+02
   4.0600000e+02
   4.0700000e+02
   3.8200000e+02
   3.9900000e+02
   3.9000000e+02
   3.9900000e+02
   4.1400000e+02
   4.0600000e+02
   4.0600000e+02
   4.2200000e+02
   4.0700000e+02
   3.9800000e+02
   4.0600000e+02
   4.2200000e+02
   4.3000000e+02
   4.2200000e+02
   4.2200000e+02
   4.1400000e+02
   4.0600000e+02
   8.2800000e+02
   4.6100000e+02
   4.4500000e+02
   4.4600000e+02
   4.3700000e+02
   4.4500000e+02
   4.3800000e+02
   4.3700000e+02
   4.4600000e+02
   4.3700000e+02
   4.3800000e+02
   4.2900000e+02
   4.3000000e+02
   4.2200000e+02
   4.3000000e+02
   4.2100000e+02
   4.0700000e+02
   4.1400000e+02
   4.2200000e+02
   4.2200000e+02
   4.1400000e+02
   4.1400000e+02
   3.9800000e+02
   4.0600000e+02
   4.0700000e+02
   3.9800000e+02
   4.0600000e+02
   4.0700000e+02
   4.1400000e+02
   3.9800000e+02
   3.9800000e+02
   4.0700000e+02
   3.9800000e+02
   3.9900000e+02
   3.9800000e+02
   3.9800000e+02
   3.9100000e+02
   3.9900000e+02
   3.9800000e+02
   3.9100000e+02
   3.9000000e+02
   3.9100000e+02
   3.9800000e+02
   4.0700000e+02
   4.1400000e+02
   4.0600000e+02
   3.9000000e+02
   4.0700000e+02
   3.9800000e+02
   4.0600000e+02
   4.0700000e+02
   4.1400000e+02
   3.9800000e+02
   4.2200000e+02
   4.2200000e+02
   4.3000000e+02
   4.2900000e+02
   4.1400000e+02
   4.1400000e+02
   4.2200000e+02
   4.3000000e+02
   4.1400000e+02
   4.2200000e+02
   4.0600000e+02
   3.9900000e+02
   4.0600000e+02
   4.0600000e+02
   3.9900000e+02
   3.9800000e+02
   3.9100000e+02
   3.9000000e+02
   3.9900000e+02
   3.9800000e+02
   4.3800000e+02
   4.2900000e+02
   4.1400000e+02
   3.9900000e+02
   3.9800000e+02
   3.9900000e+02
   3.9800000e+02
   3.9900000e+02
   4.0600000e+02
   3.9800000e+02
   3.8300000e+02
   3.9100000e+02
   3.9000000e+02
   3.9900000e+02
   3.9800000e+02
   4.1400000e+02
   3.9900000e+02
   3.9000000e+02
   3.9900000e+02
   3.9800000e+02
   4.0600000e+02
   3.9100000e+02
   3.8300000e+02
   3.9000000e+02
   3.9100000e+02
   3.7500000e+02
   3.8300000e+02
   3.8300000e+02
   3.7500000e+02
   3.7500000e+02
   3.8300000e+02
   3.8200000e+02
   3.9100000e+02
   3.7500000e+02
   3.7500000e+02
   3.9100000e+02
   3.9000000e+02
   3.9900000e+02
   3.6700000e+02
   3.9800000e+02
   3.9100000e+02
   3.9800000e+02
   3.9100000e+02
   4.0600000e+02
   4.0600000e+02
   3.9100000e+02
   4.0600000e+02
   3.9900000e+02
   4.0600000e+02
   3.9800000e+02
   3.9900000e+02
   4.0600000e+02
   4.0600000e+02
   3.9900000e+02
   3.9800000e+02
   3.9100000e+02
   3.9100000e+02
   7.7300000e+02
   3.8300000e+02
   3.6700000e+02
   3.7500000e+02
   3.9100000e+02
   3.7500000e+02
   3.8200000e+02
   3.8300000e+02
   3.8300000e+02
   3.8300000e+02
   3.8300000e+02
   3.7500000e+02
   3.8200000e+02
   3.7500000e+02
   3.6800000e+02
   3.7500000e+02
   3.6700000e+02
   3.6700000e+02
   3.7500000e+02
   7.2700000e+02
   7.2600000e+02
   3.6700000e+02
   3.7500000e+02
   3.6000000e+02
   3.6700000e+02
   3.6700000e+02
   3.6700000e+02
   3.6700000e+02
   3.7500000e+02
   3.8300000e+02
   3.8300000e+02
   3.8300000e+02
   3.8300000e+02
   3.7500000e+02
   3.7500000e+02
   3.7500000e+02
   3.7500000e+02
   3.7500000e+02
   3.7500000e+02
   3.7500000e+02
   3.6700000e+02
   3.7500000e+02
   3.6700000e+02
   3.7500000e+02
   3.6700000e+02
   3.6700000e+02
   3.6000000e+02
   3.5900000e+02
   3.6700000e+02
   3.6800000e+02
   3.8200000e+02
   3.6000000e+02
   3.6700000e+02
   3.5900000e+02
   3.6800000e+02
   3.7500000e+02
   3.6700000e+02
   3.7500000e+02
   3.8300000e+02
   3.7500000e+02
   3.7500000e+02
   3.7500000e+02
   3.6700000e+02
   3.7500000e+02
   3.7500000e+02
   3.7500000e+02
   3.5100000e+02
   3.7500000e+02
   3.6700000e+02
   3.6800000e+02
   3.6700000e+02
   3.7500000e+02
   3.8300000e+02
   3.8200000e+02
   3.6800000e+02
   3.8200000e+02
   3.7500000e+02
   3.7500000e+02
   3.9100000e+02
   3.9100000e+02
   3.9800000e+02
   3.9900000e+02
   4.0600000e+02
   4.0600000e+02
   4.0600000e+02
   4.2200000e+02
   3.9900000e+02
   4.0600000e+02
   4.2200000e+02
   3.7500000e+02
   3.9800000e+02
   3.9100000e+02
   4.0600000e+02
   3.8300000e+02
   3.9100000e+02
   3.9000000e+02
   3.7500000e+02
   3.8300000e+02
   3.8300000e+02
   3.8300000e+02
   3.7500000e+02
   3.9000000e+02
   3.8300000e+02
   3.9800000e+02
   4.0700000e+02
   4.2200000e+02
   4.1400000e+02
   4.0600000e+02
   3.9800000e+02
   4.0700000e+02
   4.0600000e+02
   4.0600000e+02
   4.0600000e+02
   4.3000000e+02
   4.0600000e+02
   4.0700000e+02
   4.0600000e+02
   3.9000000e+02
   3.9100000e+02
   3.8300000e+02
   3.8300000e+02
   3.9800000e+02
   3.8300000e+02
   3.9800000e+02
   4.0700000e+02
   4.1400000e+02
   4.1400000e+02
   4.0600000e+02
   4.0600000e+02
   4.0600000e+02
   4.0700000e+02
   3.9800000e+02
   4.1400000e+02
   4.0600000e+02
   3.9100000e+02
   3.9900000e+02
   3.9800000e+02
   3.9800000e+02
   3.9900000e+02
   3.9800000e+02
   3.9100000e+02
   3.9100000e+02
   4.0600000e+02
   3.9800000e+02
   4.1400000e+02
   4.1400000e+02
   4.2200000e+02
   4.2200000e+02
   4.2200000e+02
   4.3700000e+02
   4.3800000e+02
   4.3700000e+02
   4.3800000e+02
   4.3700000e+02
   4.2200000e+02
   4.2200000e+02
   4.3800000e+02
   4.2900000e+02
   4.6100000e+02
   4.3800000e+02
   4.5300000e+02
   4.5300000e+02
   4.5300000e+02
   4.5300000e+02
   4.5300000e+02
   4.5400000e+02
   4.4500000e+02
   4.3700000e+02
   4.4600000e+02
   4.2900000e+02
   4.3800000e+02
   4.3000000e+02
   4.3700000e+02
   4.3000000e+02
   4.1400000e+02
   4.2200000e+02
   4.2200000e+02
   4.1400000e+02
   4.1400000e+02
   4.2200000e+02
   4.0600000e+02
   4.3000000e+02
   4.2900000e+02
   4.4600000e+02
   4.3700000e+02
   4.3800000e+02
   4.2900000e+02
   4.2200000e+02
   4.2200000e+02
   4.3000000e+02
   4.2900000e+02
   4.3000000e+02
   4.4500000e+02
   4.3800000e+02
   4.4500000e+02
   4.3800000e+02
   4.4500000e+02
   4.3700000e+02
   4.3000000e+02
   4.3000000e+02
   4.3000000e+02
   4.1400000e+02
   4.0600000e+02
   4.0600000e+02
   4.0600000e+02
   4.1400000e+02
   4.0700000e+02
   4.0600000e+02
   3.9800000e+02
   4.0700000e+02
   4.1400000e+02
   4.2200000e+02
   4.2900000e+02
   4.2200000e+02
   4.3800000e+02
   4.2900000e+02
   4.3000000e+02
   4.1400000e+02
   4.2200000e+02
   4.2200000e+02
   4.2200000e+02
   4.2200000e+02
   4.1400000e+02
   4.2100000e+02
   4.1500000e+02
   4.2100000e+02
   4.2200000e+02
   4.3000000e+02
   4.3700000e+02
   4.3000000e+02
   4.3000000e+02
   4.5300000e+02
   4.5300000e+02
   4.5300000e+02
   4.6100000e+02
   4.5300000e+02
   4.4600000e+02
   4.5300000e+02
   4.3700000e+02
   4.3000000e+02
   4.4500000e+02
   4.4600000e+02
   4.4500000e+02
   4.4500000e+02
   4.3000000e+02
   4.3000000e+02
   4.2900000e+02
   4.3000000e+02
   4.3000000e+02
   4.2900000e+02
   4.3000000e+02
   4.2200000e+02
   4.0600000e+02
   4.2200000e+02
   4.3000000e+02
   4.2200000e+02
   4.2100000e+02
   4.3000000e+02
   4.2200000e+02
   4.3700000e+02
   4.3000000e+02
   4.4500000e+02
   4.3000000e+02
   4.3000000e+02
   4.4500000e+02
   4.3800000e+02
   4.3700000e+02
   4.3800000e+02
   4.3700000e+02
   4.3800000e+02
   4.4500000e+02
   4.3700000e+02
   4.3800000e+02
   4.5300000e+02
   4.5300000e+02
   4.5300000e+02
   4.5300000e+02
   4.6900000e+02
   4.6900000e+02
   4.8400000e+02
   4.6900000e+02
   4.5300000e+02
   4.6100000e+02
   4.3800000e+02
   4.2900000e+02
   4.4600000e+02
   4.4500000e+02
   4.3700000e+02
   4.3800000e+02
   4.3000000e+02
   4.3700000e+02
   4.2200000e+02
   4.3000000e+02
   4.2200000e+02
   4.2100000e+02
   4.3000000e+02
   4.2200000e+02
   4.3800000e+02
   4.2900000e+02
   4.3800000e+02
   4.2200000e+02
   4.2900000e+02
   4.3000000e+02
   4.3700000e+02
   4.5400000e+02
   4.5300000e+02
   4.5300000e+02
   4.5300000e+02
   4.3700000e+02
   4.4600000e+02
   4.4500000e+02
   4.4500000e+02
   4.5400000e+02
   4.6000000e+02
   4.5400000e+02
   4.6100000e+02
   4.6000000e+02
   4.5400000e+02
   4.5300000e+02
   4.5300000e+02
   4.5300000e+02
   4.4500000e+02
   4.5300000e+02
   4.3800000e+02
   4.4500000e+02
   4.3000000e+02
   4.3000000e+02
   4.2100000e+02
   4.3000000e+02
   4.2200000e+02
   8.4400000e+02
   4.2200000e+02
   4.2200000e+02
   4.3700000e+02
   4.1400000e+02
   4.2200000e+02
   4.3000000e+02
   4.2900000e+02
   4.3000000e+02
   4.3800000e+02
   4.2900000e+02
   4.3800000e+02
   4.4500000e+02
   4.3000000e+02
   4.4500000e+02
   4.4500000e+02
   4.4600000e+02
   4.4500000e+02
   4.6100000e+02
   4.6100000e+02
   4.5300000e+02
   4.5300000e+02
   4.5300000e+02
   4.3800000e+02
   4.5300000e+02
   4.6100000e+02
   4.6100000e+02
   4.6100000e+02
   4.7600000e+02
   4.7700000e+02
   4.9200000e+02
   4.9200000e+02
   4.7700000e+02
   5.0000000e+02
   4.8400000e+02
   4.7700000e+02
   4.6100000e+02
   4.6800000e+02
   4.5300000e+02
   4.3800000e+02
   4.3000000e+02
   4.2200000e+02
   4.1400000e+02
   4.0600000e+02
   4.0600000e+02
   3.9900000e+02
   3.9800000e+02
   4.2200000e+02
   4.1400000e+02
   4.2200000e+02
   4.2900000e+02
   4.2200000e+02
   4.4600000e+02
   4.3700000e+02
   4.4500000e+02
   4.5400000e+02
   4.4500000e+02
   4.5300000e+02
   4.5300000e+02
   4.6900000e+02
   4.6100000e+02
   4.6900000e+02
   4.6800000e+02
   4.7700000e+02
   4.7600000e+02
   4.7700000e+02
   4.6900000e+02
   4.7600000e+02
   4.6100000e+02
   4.4600000e+02
   4.5300000e+02
   4.4500000e+02
   4.6100000e+02
   4.6900000e+02
   4.5300000e+02
   4.5300000e+02
   4.4500000e+02
   4.5300000e+02
   4.3800000e+02
   4.3000000e+02
   4.2900000e+02
   4.3800000e+02
   4.4500000e+02
   4.3800000e+02
   4.4500000e+02
   4.3700000e+02
   4.3000000e+02
   4.3000000e+02
   4.2900000e+02
   4.2200000e+02
   4.3000000e+02
   4.3800000e+02
   4.3700000e+02
   4.2200000e+02
   4.2200000e+02
   4.2200000e+02
   4.1400000e+02
   4.2200000e+02
   4.2900000e+02
   4.3000000e+02
   4.3000000e+02
   4.2200000e+02
   4.2100000e+02
   4.2200000e+02
   4.3000000e+02
   4.4500000e+02
   4.4600000e+02
   4.5300000e+02
   4.6100000e+02
   4.6100000e+02
   4.5300000e+02
   4.3700000e+02
   4.3800000e+02
   4.3700000e+02
   4.4600000e+02
   4.4500000e+02
   4.5300000e+02
   4.5300000e+02
   4.5300000e+02
   4.5300000e+02
   4.5300000e+02
   4.4600000e+02
   4.4500000e+02
   4.3800000e+02
   4.3700000e+02
   4.3800000e+02
   4.2900000e+02
   4.1400000e+02
   4.2200000e+02
   4.2200000e+02
   4.2200000e+02
   4.2200000e+02
   4.2200000e+02
   4.2200000e+02
   4.2100000e+02
   4.3800000e+02
   4.2200000e+02
   4.3000000e+02
   4.2900000e+02
   4.3800000e+02
   4.2900000e+02
   4.3000000e+02
   4.3000000e+02
   4.2900000e+02
   4.1500000e+02
   4.2100000e+02
   4.1400000e+02
   4.3000000e+02
   4.3000000e+02
   4.2200000e+02
   4.2200000e+02
   4.1400000e+02
   4.1400000e+02
   4.2200000e+02
   4.2100000e+02
   4.2200000e+02
   4.2200000e+02
   4.2200000e+02
   4.2200000e+02
   4.3000000e+02
   4.2900000e+02
   4.3800000e+02
   4.3700000e+02
   4.3800000e+02
   4.4500000e+02
   4.4500000e+02
   4.4600000e+02
   4.5300000e+02
   4.6100000e+02
   4.6100000e+02
   4.4500000e+02
   4.5300000e+02
   4.5300000e+02
   4.3800000e+02
   4.4500000e+02
   4.4500000e+02
   4.3800000e+02
   4.5300000e+02
   4.6100000e+02
   4.6100000e+02
   4.6900000e+02
   4.6100000e+02
   4.6100000e+02
   4.8400000e+02
   4.7700000e+02
   4.6800000e+02
   4.7700000e+02
   4.6100000e+02
   4.5300000e+02
   4.4500000e+02
   4.4600000e+02
   4.4500000e+02
   4.5300000e+02
   4.5300000e+02
   4.4500000e+02
   4.4600000e+02
   4.4500000e+02
   4.4500000e+02
   4.5300000e+02
   4.4600000e+02
   4.4500000e+02
   4.4500000e+02
   4.4600000e+02
   4.2900000e+02
   4.3800000e+02
   4.3700000e+02
   4.2200000e+02
   4.3000000e+02
   4.2200000e+02
   4.3700000e+02
   4.3800000e+02
   4.4500000e+02
   4.3800000e+02
   4.2200000e+02
   4.3700000e+02
   4.4500000e+02
   4.3800000e+02
   4.4500000e+02
   4.4500000e+02
   4.3800000e+02
   4.3700000e+02
   4.3000000e+02
   4.3000000e+02
   4.3700000e+02
   4.4600000e+02
   4.3700000e+02
   4.3800000e+02
   4.2900000e+02
   4.3800000e+02
   4.2200000e+02
   4.4500000e+02
   4.5300000e+02
   4.4500000e+02
   4.5400000e+02
   4.3700000e+02
   4.3000000e+02
   4.3700000e+02
   4.2200000e+02
   4.2200000e+02
   4.1400000e+02
   4.3000000e+02
   4.1400000e+02
   4.2200000e+02
   4.2900000e+02
   4.3800000e+02
   4.4500000e+02
   4.3800000e+02
   4.4500000e+02
   4.4500000e+02
   4.5300000e+02
   4.4600000e+02
   4.6100000e+02
   4.3700000e+02
   4.3000000e+02
   4.4500000e+02
   4.3800000e+02
   4.3700000e+02
   4.3000000e+02
   4.2200000e+02
   4.2200000e+02
   4.2900000e+02
   4.3800000e+02
   4.5300000e+02
   4.3700000e+02
   4.4600000e+02
   4.2900000e+02
   4.2200000e+02
   4.3000000e+02
   4.1400000e+02
   4.2200000e+02
   4.1400000e+02
   4.1400000e+02
   3.9900000e+02
   4.4500000e+02
   4.4500000e+02
   4.6900000e+02
   4.6100000e+02
   4.6100000e+02
   4.6100000e+02
   4.6100000e+02
   4.4500000e+02
   4.4500000e+02
   4.4600000e+02
   4.4500000e+02
   4.4500000e+02
   4.4600000e+02
   4.3700000e+02
   4.3800000e+02
   4.3700000e+02
   4.3000000e+02
   4.5300000e+02
   4.3700000e+02
   4.4600000e+02
   4.4500000e+02
   4.3000000e+02
