   9.3974150e+02
   9.8400000e+02
   9.6900000e+02
   9.6900000e+02
   9.2200000e+02
   9.3700000e+02
   9.6100000e+02
   9.9200000e+02
   1.0000000e+03
   9.3000000e+02
   9.1400000e+02
   8.7500000e+02
   8.2800000e+02
   8.2800000e+02
   8.1300000e+02
   8.5200000e+02
   9.2900000e+02
   1.0160000e+03
   1.0620000e+03
   1.0160000e+03
   9.8400000e+02
   1.0470000e+03
   1.0160000e+03
   9.6100000e+02
   9.6100000e+02
   9.2900000e+02
   8.9900000e+02
   8.9800000e+02
   9.3000000e+02
   9.7700000e+02
   1.0540000e+03
   1.0080000e+03
   1.0310000e+03
   1.0160000e+03
   1.0780000e+03
   1.0230000e+03
   9.8500000e+02
   9.7600000e+02
   9.5400000e+02
   9.8400000e+02
   1.0550000e+03
   1.0000000e+03
   1.0460000e+03
   1.0790000e+03
   1.0780000e+03
   1.0780000e+03
   1.0620000e+03
   1.0000000e+03
   1.0550000e+03
   1.0390000e+03
   9.8400000e+02
   1.0000000e+03
   1.0160000e+03
   9.6900000e+02
   9.6900000e+02
   9.8400000e+02
   9.7700000e+02
   9.7600000e+02
   1.0000000e+03
   9.6900000e+02
   9.8400000e+02
   9.7700000e+02
   9.5300000e+02
   1.0080000e+03
   9.5300000e+02
   9.6900000e+02
   1.0150000e+03
   9.7700000e+02
   9.9200000e+02
   9.6900000e+02
   1.0000000e+03
   1.0150000e+03
   1.0470000e+03
   1.0550000e+03
   1.1010000e+03
   1.1100000e+03
   1.0620000e+03
   1.0550000e+03
   1.0310000e+03
   1.0860000e+03
   9.9200000e+02
   1.0390000e+03
   9.8500000e+02
   9.8400000e+02
   9.6100000e+02
   9.6100000e+02
   9.7700000e+02
   9.6100000e+02
   9.3700000e+02
   8.9900000e+02
   9.2100000e+02
   9.5400000e+02
   9.6000000e+02
   9.1500000e+02
   9.5300000e+02
   9.2200000e+02
   9.3700000e+02
   9.3000000e+02
   9.9200000e+02
   9.8400000e+02
   1.0470000e+03
   1.0160000e+03
   1.0230000e+03
   9.8500000e+02
   9.6800000e+02
   1.0000000e+03
   9.8500000e+02
   9.6800000e+02
   9.8500000e+02
   9.0600000e+02
   9.6900000e+02
   9.0600000e+02
   8.9900000e+02
   8.9800000e+02
   8.9100000e+02
   8.7500000e+02
   9.0600000e+02
   9.0600000e+02
   8.9100000e+02
   9.3700000e+02
   8.9100000e+02
   9.3700000e+02
   9.0700000e+02
   9.6800000e+02
   8.9900000e+02
   8.9800000e+02
   8.9100000e+02
   8.5900000e+02
   8.4400000e+02
   8.2000000e+02
   8.0500000e+02
   8.4400000e+02
   8.8300000e+02
   9.0600000e+02
   9.1400000e+02
   9.2200000e+02
   9.2900000e+02
   9.2200000e+02
   8.9100000e+02
   8.9800000e+02
   9.1400000e+02
   9.2200000e+02
   9.4600000e+02
   9.2900000e+02
   8.6000000e+02
   8.2800000e+02
   1.0230000e+03
   9.6100000e+02
   9.1400000e+02
   8.5200000e+02
   8.2000000e+02
   7.7400000e+02
   8.2800000e+02
   9.1400000e+02
   8.7500000e+02
   9.4500000e+02
   9.1400000e+02
   8.9900000e+02
   8.8200000e+02
   8.6000000e+02
   8.7500000e+02
   8.7500000e+02
   8.6700000e+02
   8.1200000e+02
   9.0700000e+02
   8.5100000e+02
   8.6000000e+02
   8.5100000e+02
   9.4500000e+02
   9.1500000e+02
   9.0600000e+02
   9.6100000e+02
   9.0600000e+02
   9.1400000e+02
   9.3000000e+02
   9.2200000e+02
   9.7600000e+02
   9.3000000e+02
   9.3700000e+02
   9.6900000e+02
   9.6900000e+02
   1.0150000e+03
   9.5400000e+02
   8.9000000e+02
   8.2800000e+02
   7.7400000e+02
   8.0400000e+02
   9.1500000e+02
   9.7600000e+02
   9.6100000e+02
   9.7700000e+02
   9.2900000e+02
   9.0700000e+02
   9.2100000e+02
   9.0700000e+02
   9.5300000e+02
   8.7500000e+02
   8.9000000e+02
   8.7500000e+02
   8.6800000e+02
   8.7500000e+02
   8.5900000e+02
   8.9100000e+02
   8.9000000e+02
   8.4400000e+02
   9.3700000e+02
   8.6800000e+02
   8.7500000e+02
   9.1400000e+02
   8.3600000e+02
   8.5900000e+02
   8.5200000e+02
   8.8200000e+02
   8.3600000e+02
   8.5200000e+02
   7.8900000e+02
   8.9100000e+02
   8.3600000e+02
   8.2000000e+02
   7.4200000e+02
   7.5800000e+02
   7.5000000e+02
   7.8100000e+02
   8.3600000e+02
   8.5200000e+02
   9.0600000e+02
   8.7500000e+02
   8.8300000e+02
   8.8200000e+02
   8.1300000e+02
   8.3600000e+02
   8.1200000e+02
   8.0500000e+02
   8.5900000e+02
   8.1300000e+02
   8.8300000e+02
   9.0600000e+02
   9.5300000e+02
   8.2000000e+02
   8.2900000e+02
   8.5900000e+02
   8.2800000e+02
   8.9100000e+02
   8.4300000e+02
   8.7500000e+02
   8.7500000e+02
   9.3000000e+02
   9.3000000e+02
   8.9000000e+02
   9.0700000e+02
   8.4300000e+02
   8.9900000e+02
   9.0600000e+02
   9.1400000e+02
   9.4600000e+02
   9.3700000e+02
   9.4500000e+02
   9.0700000e+02
   8.9000000e+02
   9.0600000e+02
   9.5400000e+02
   9.8400000e+02
   1.0160000e+03
   9.6800000e+02
   9.3000000e+02
   8.4400000e+02
   8.5900000e+02
   8.0500000e+02
   8.6700000e+02
   8.5900000e+02
   8.2100000e+02
   8.6700000e+02
   8.6700000e+02
   8.4400000e+02
   8.5900000e+02
   8.1300000e+02
   8.5900000e+02
   8.7500000e+02
   8.5900000e+02
   8.7500000e+02
   8.6000000e+02
   7.8900000e+02
   8.7500000e+02
   8.0500000e+02
   8.5900000e+02
   8.7500000e+02
   9.2200000e+02
   9.2200000e+02
   9.5300000e+02
   9.0600000e+02
   8.9100000e+02
   9.3700000e+02
   9.6900000e+02
   9.5300000e+02
   9.6900000e+02
   9.2200000e+02
   8.9000000e+02
   8.4400000e+02
   8.4400000e+02
   8.4400000e+02
   7.9600000e+02
   7.9700000e+02
   7.8900000e+02
   8.1300000e+02
   8.3600000e+02
   7.9700000e+02
   8.9000000e+02
   8.7500000e+02
   8.7500000e+02
   8.6800000e+02
   8.6700000e+02
   8.9000000e+02
   8.7500000e+02
   8.5200000e+02
   8.5100000e+02
   8.4400000e+02
   7.8100000e+02
   8.1300000e+02
   7.3400000e+02
   7.5800000e+02
   7.7400000e+02
   8.0400000e+02
   8.9900000e+02
   9.5300000e+02
   9.8400000e+02
   9.8500000e+02
   9.2100000e+02
   8.3600000e+02
   8.3500000e+02
   7.8200000e+02
   8.3600000e+02
   8.2800000e+02
   8.2800000e+02
   7.5800000e+02
   7.5000000e+02
   7.6500000e+02
   8.1300000e+02
   8.2800000e+02
   7.9700000e+02
   8.9800000e+02
   8.6700000e+02
   8.4400000e+02
   8.7500000e+02
   8.4400000e+02
   8.9100000e+02
   7.8100000e+02
   8.0500000e+02
   8.2000000e+02
   7.8100000e+02
   7.8100000e+02
   7.9700000e+02
   7.3500000e+02
   7.8100000e+02
   7.8100000e+02
   7.4200000e+02
   7.9700000e+02
   7.3500000e+02
   7.7300000e+02
   7.6600000e+02
   7.6500000e+02
   8.1300000e+02
   7.6500000e+02
   7.9700000e+02
   7.6600000e+02
   8.2800000e+02
   7.8100000e+02
   8.1300000e+02
   8.5900000e+02
   8.5900000e+02
   8.1300000e+02
   8.7500000e+02
   8.4400000e+02
   7.8900000e+02
   8.1200000e+02
   7.7400000e+02
   7.1100000e+02
   6.8700000e+02
   7.1900000e+02
   7.0300000e+02
   6.9500000e+02
   6.9600000e+02
   6.9500000e+02
   7.1900000e+02
   7.5000000e+02
   7.5000000e+02
   7.3400000e+02
   7.4200000e+02
   7.1100000e+02
   7.5000000e+02
   7.1900000e+02
   6.8700000e+02
   7.3500000e+02
   7.1800000e+02
   7.1100000e+02
   7.2700000e+02
   7.5800000e+02
   7.5800000e+02
   8.9000000e+02
   8.9900000e+02
   9.1400000e+02
   9.6100000e+02
   8.2000000e+02
   8.4400000e+02
   8.0400000e+02
   7.7400000e+02
   7.9700000e+02
   7.3400000e+02
   8.4400000e+02
   7.8900000e+02
   8.2000000e+02
   8.4400000e+02
   9.1400000e+02
   9.5300000e+02
   9.1400000e+02
   9.0600000e+02
   8.4400000e+02
   8.6700000e+02
   8.0500000e+02
   7.9700000e+02
   8.1200000e+02
   8.6000000e+02
   9.5300000e+02
   9.5300000e+02
   9.5300000e+02
   9.3800000e+02
   9.6100000e+02
   9.2900000e+02
   9.2200000e+02
   9.3800000e+02
   9.6800000e+02
   9.6900000e+02
   8.8300000e+02
   8.6700000e+02
   8.6700000e+02
   8.8300000e+02
   8.1300000e+02
   8.1200000e+02
   7.5000000e+02
   7.8100000e+02
   7.2700000e+02
   7.8900000e+02
   8.5200000e+02
   9.1400000e+02
   8.5900000e+02
   8.5900000e+02
   8.6800000e+02
   8.8200000e+02
   8.8300000e+02
   8.8300000e+02
   8.9100000e+02
   9.3700000e+02
   9.3800000e+02
   9.8400000e+02
   1.0000000e+03
   9.6900000e+02
   9.0600000e+02
   9.2200000e+02
   8.9100000e+02
   9.3700000e+02
   8.8300000e+02
   9.0600000e+02
   9.3000000e+02
   9.3700000e+02
   9.1400000e+02
   9.7700000e+02
   8.6700000e+02
   8.9900000e+02
   8.7500000e+02
   8.7500000e+02
   9.5300000e+02
   1.0000000e+03
   9.8400000e+02
   9.7700000e+02
   9.6100000e+02
   8.9800000e+02
   9.5300000e+02
   9.1400000e+02
   9.3800000e+02
   9.8400000e+02
   1.0000000e+03
   1.0470000e+03
   1.0160000e+03
   1.0620000e+03
   1.0160000e+03
   1.0150000e+03
   9.7700000e+02
   1.0080000e+03
   9.3700000e+02
   1.0310000e+03
   9.8500000e+02
   1.0390000e+03
   1.0550000e+03
   1.0000000e+03
   1.0310000e+03
   1.0310000e+03
   9.8400000e+02
   1.0320000e+03
   1.0700000e+03
   9.9200000e+02
   1.0240000e+03
   1.0390000e+03
   1.0080000e+03
   1.0460000e+03
   9.8500000e+02
   1.0080000e+03
   1.0460000e+03
   1.0000000e+03
   9.5400000e+02
   1.0150000e+03
   9.9200000e+02
   1.0000000e+03
   1.0000000e+03
   9.6100000e+02
   9.3800000e+02
   8.8300000e+02
   9.3700000e+02
   9.5300000e+02
   9.3000000e+02
   1.1170000e+03
   1.1330000e+03
   1.1250000e+03
   1.0470000e+03
   9.7600000e+02
   9.6100000e+02
   9.0700000e+02
   9.5300000e+02
   8.5900000e+02
   9.6900000e+02
   9.9200000e+02
   1.0230000e+03
   1.0400000e+03
   1.0460000e+03
   1.0710000e+03
   1.0390000e+03
   1.0540000e+03
   1.0400000e+03
   1.0930000e+03
   1.0780000e+03
   1.0470000e+03
   9.9200000e+02
   9.3000000e+02
   9.0600000e+02
   9.0700000e+02
   9.6800000e+02
   1.0320000e+03
   9.1400000e+02
   9.5300000e+02
   9.4500000e+02
   1.0390000e+03
   1.0240000e+03
   1.0230000e+03
   1.0470000e+03
   9.7700000e+02
   1.0230000e+03
   1.0940000e+03
   1.1090000e+03
   1.0940000e+03
   1.0780000e+03
   1.0700000e+03
   1.0390000e+03
   1.0860000e+03
   1.0860000e+03
   1.0780000e+03
   1.0940000e+03
   1.0940000e+03
   1.1090000e+03
   1.0630000e+03
   1.0780000e+03
   1.0940000e+03
   1.0860000e+03
   1.1170000e+03
   1.1090000e+03
   1.0160000e+03
   1.0000000e+03
   1.0310000e+03
   9.5300000e+02
   9.9200000e+02
   1.0240000e+03
   9.9200000e+02
   1.0700000e+03
   1.0390000e+03
   1.0940000e+03
   1.0700000e+03
   1.0000000e+03
   1.0080000e+03
   1.0390000e+03
   1.0550000e+03
   1.0860000e+03
   1.1250000e+03
   1.1480000e+03
   1.1490000e+03
   1.1250000e+03
   1.1400000e+03
   1.1570000e+03
   1.1250000e+03
   1.0930000e+03
   1.0240000e+03
   9.3700000e+02
   9.3000000e+02
   8.9800000e+02
   9.4600000e+02
   1.0310000e+03
   9.6100000e+02
   9.9200000e+02
   9.6900000e+02
   9.3700000e+02
   9.8500000e+02
   1.1330000e+03
   1.0930000e+03
   1.0780000e+03
   1.0630000e+03
   1.0860000e+03
   1.0470000e+03
   1.0080000e+03
   9.3700000e+02
   8.9800000e+02
   8.6000000e+02
   1.0470000e+03
   1.0390000e+03
   1.0310000e+03
   1.0700000e+03
   1.0940000e+03
   1.1090000e+03
   1.0940000e+03
   1.0860000e+03
   9.8500000e+02
   9.9200000e+02
   9.1400000e+02
   9.6900000e+02
   9.1400000e+02
   9.6100000e+02
   1.0540000e+03
   1.0310000e+03
   1.0550000e+03
   1.0550000e+03
   9.5300000e+02
   9.3700000e+02
   8.9900000e+02
   9.0600000e+02
   9.3000000e+02
   1.0000000e+03
   9.6900000e+02
   1.0620000e+03
   1.0160000e+03
   1.0540000e+03
   1.0080000e+03
   9.6100000e+02
   9.4500000e+02
   9.4600000e+02
   9.6100000e+02
   9.6100000e+02
   8.9800000e+02
   8.8300000e+02
   9.3700000e+02
   1.0080000e+03
   9.8500000e+02
   9.4500000e+02
   8.6700000e+02
   9.2200000e+02
   9.0600000e+02
   9.2200000e+02
   9.3000000e+02
   9.2900000e+02
   8.6000000e+02
   8.5900000e+02
   8.9100000e+02
   1.0150000e+03
   1.0160000e+03
   1.1090000e+03
   1.1570000e+03
   1.1090000e+03
   1.1250000e+03
   1.0310000e+03
   1.0160000e+03
   1.0230000e+03
   1.0240000e+03
   9.6900000e+02
   9.6100000e+02
   8.9800000e+02
   9.0600000e+02
   8.5200000e+02
   9.0600000e+02
   8.3600000e+02
   8.5900000e+02
   9.0700000e+02
   9.5300000e+02
   9.8400000e+02
   1.0000000e+03
   9.3800000e+02
   8.7500000e+02
   8.9000000e+02
   7.8100000e+02
   7.9000000e+02
   7.6500000e+02
   7.7400000e+02
   8.1200000e+02
   9.1400000e+02
   1.0310000e+03
   1.1490000e+03
   1.1720000e+03
   1.1250000e+03
   1.0930000e+03
   1.0320000e+03
   9.3700000e+02
   9.2200000e+02
   1.0000000e+03
   1.0160000e+03
   1.0470000e+03
   1.0310000e+03
   9.3700000e+02
   9.1400000e+02
   9.5400000e+02
   9.1400000e+02
   9.1400000e+02
   9.7600000e+02
   1.0240000e+03
   1.0310000e+03
   1.0230000e+03
   1.0080000e+03
   1.0470000e+03
   1.0080000e+03
   1.0470000e+03
   9.8400000e+02
   9.6900000e+02
   9.2200000e+02
   9.2200000e+02
   9.0600000e+02
   9.5300000e+02
   9.6100000e+02
   9.5300000e+02
   9.5300000e+02
   9.4500000e+02
   9.1500000e+02
   9.1400000e+02
   9.0600000e+02
   9.3700000e+02
   9.5300000e+02
   8.9900000e+02
   9.9200000e+02
   8.8300000e+02
   8.9800000e+02
   9.0700000e+02
   9.6800000e+02
   9.2200000e+02
   9.2200000e+02
   9.5300000e+02
   9.5300000e+02
   9.2200000e+02
   9.6900000e+02
   9.3700000e+02
   9.5400000e+02
   9.6100000e+02
   9.9200000e+02
   1.0780000e+03
   1.0620000e+03
   1.0320000e+03
   1.0860000e+03
   1.0700000e+03
   1.0940000e+03
   1.0230000e+03
   1.0160000e+03
   9.7600000e+02
   9.8500000e+02
   1.0150000e+03
   1.0080000e+03
   1.0230000e+03
   1.0320000e+03
   1.1090000e+03
   1.0470000e+03
   1.0230000e+03
   9.6100000e+02
   9.8500000e+02
   9.1400000e+02
   9.7600000e+02
   9.7700000e+02
   1.0230000e+03
   1.0160000e+03
   1.0160000e+03
   9.8400000e+02
   9.0600000e+02
   9.6900000e+02
   9.9200000e+02
   1.0390000e+03
   1.0780000e+03
   1.0160000e+03
   9.8400000e+02
   1.0000000e+03
   1.0160000e+03
   9.3700000e+02
   9.8500000e+02
   1.0080000e+03
   9.9200000e+02
   9.6900000e+02
   9.5300000e+02
   9.3700000e+02
   9.0600000e+02
   9.3800000e+02
   9.3700000e+02
   8.9900000e+02
   8.9800000e+02
   9.6900000e+02
   7.6600000e+02
   1.1870000e+03
   1.0780000e+03
   1.0630000e+03
   9.9200000e+02
   9.8400000e+02
   9.4600000e+02
   9.5300000e+02
   9.4500000e+02
   9.2200000e+02
   8.9800000e+02
   8.6000000e+02
   8.7500000e+02
   9.0600000e+02
   9.6100000e+02
   9.1400000e+02
   1.0000000e+03
   9.6900000e+02
   9.4500000e+02
   9.6100000e+02
   9.8400000e+02
   9.3800000e+02
   9.3700000e+02
   9.8500000e+02
   1.0000000e+03
   9.6100000e+02
   1.0230000e+03
   9.6900000e+02
   9.9200000e+02
   9.2200000e+02
   9.1400000e+02
   8.6700000e+02
   8.9900000e+02
   9.2200000e+02
   9.4500000e+02
   1.0230000e+03
   1.0160000e+03
   1.0160000e+03
   1.0150000e+03
   9.5300000e+02
   9.5300000e+02
   9.6900000e+02
   8.9100000e+02
   9.0600000e+02
   9.3800000e+02
   1.0070000e+03
   9.3000000e+02
   9.2200000e+02
   8.5200000e+02
   8.8200000e+02
   8.7500000e+02
   8.9100000e+02
   8.7500000e+02
   9.0600000e+02
   9.3000000e+02
   9.8400000e+02
   9.6100000e+02
   1.0630000e+03
   1.0780000e+03
   1.0620000e+03
   1.0320000e+03
   1.0780000e+03
   1.0390000e+03
   1.0310000e+03
   1.0000000e+03
   9.9200000e+02
   1.0000000e+03
   9.3800000e+02
   9.6800000e+02
   9.9300000e+02
   9.9200000e+02
   1.0150000e+03
   9.7700000e+02
   9.6900000e+02
   9.2900000e+02
   9.4600000e+02
   9.7600000e+02
   9.8500000e+02
   9.8400000e+02
   1.0780000e+03
   1.0080000e+03
   9.4500000e+02
   9.3800000e+02
   9.0600000e+02
   9.3000000e+02
   9.2900000e+02
   1.0000000e+03
   9.8500000e+02
   9.5300000e+02
   9.6900000e+02
   9.6800000e+02
   1.0000000e+03
   1.0000000e+03
   9.6100000e+02
   9.7700000e+02
   9.6100000e+02
   8.9800000e+02
   9.3800000e+02
   9.7600000e+02
   1.0080000e+03
   1.0630000e+03
   1.0150000e+03
   9.5300000e+02
   9.6900000e+02
   9.3800000e+02
   9.0600000e+02
   8.8300000e+02
   8.4400000e+02
   8.8200000e+02
   8.6800000e+02
   9.7600000e+02
   1.0310000e+03
   1.0630000e+03
   1.0000000e+03
   9.8400000e+02
   1.0080000e+03
   1.0230000e+03
   1.0320000e+03
   1.0310000e+03
   9.6900000e+02
   1.0000000e+03
   1.0150000e+03
   1.1100000e+03
   1.0470000e+03
   1.1250000e+03
   1.0780000e+03
   1.0620000e+03
   1.0470000e+03
   1.0940000e+03
   1.1400000e+03
   1.1100000e+03
   1.0700000e+03
   1.0470000e+03
   1.1170000e+03
   1.1100000e+03
   1.1250000e+03
   1.1250000e+03
   1.1010000e+03
   1.1020000e+03
   1.0780000e+03
   1.0470000e+03
   9.7600000e+02
   9.2200000e+02
   9.2200000e+02
   9.3800000e+02
   9.5300000e+02
   1.0000000e+03
   1.0070000e+03
   9.6900000e+02
   1.0000000e+03
   9.7700000e+02
   9.9200000e+02
   9.9200000e+02
   9.7700000e+02
   9.4500000e+02
   9.3000000e+02
   8.9000000e+02
   9.3800000e+02
   8.9000000e+02
   9.8500000e+02
   9.6100000e+02
   1.0230000e+03
   9.9200000e+02
   1.0240000e+03
   1.0390000e+03
   9.9200000e+02
   9.6900000e+02
   9.8400000e+02
   9.3800000e+02
   9.5300000e+02
   1.0150000e+03
   9.6900000e+02
   9.7700000e+02
   1.0390000e+03
   9.6100000e+02
   9.4500000e+02
   9.8400000e+02
   9.3000000e+02
   9.7700000e+02
   9.7600000e+02
   1.0240000e+03
   9.6800000e+02
   1.0630000e+03
   1.0620000e+03
   1.0320000e+03
   9.6100000e+02
   9.5300000e+02
   9.8400000e+02
   9.9200000e+02
   9.9300000e+02
   1.0070000e+03
   9.6900000e+02
   9.8400000e+02
   1.0470000e+03
   1.0320000e+03
   1.0460000e+03
   1.0470000e+03
   1.0160000e+03
   1.0860000e+03
   1.1480000e+03
   1.0780000e+03
   1.0940000e+03
   1.0310000e+03
   1.0320000e+03
   1.0310000e+03
   1.0470000e+03
   9.9200000e+02
   1.0700000e+03
   1.0000000e+03
   1.0630000e+03
   1.0470000e+03
   1.0390000e+03
   1.0310000e+03
   1.0160000e+03
   9.0600000e+02
   9.3000000e+02
   8.6700000e+02
   8.2800000e+02
   8.9800000e+02
   9.7700000e+02
   1.0940000e+03
   1.1010000e+03
   1.0780000e+03
   1.1250000e+03
   1.0630000e+03
   1.0550000e+03
   1.0540000e+03
   1.0940000e+03
   1.0390000e+03
   1.0550000e+03
   1.0780000e+03
   1.0470000e+03
   1.0540000e+03
   9.6100000e+02
   9.6900000e+02
   9.3800000e+02
   9.8400000e+02
   1.0160000e+03
   9.7600000e+02
   1.0550000e+03
   9.6900000e+02
   9.5300000e+02
   9.6100000e+02
   1.0070000e+03
   9.3000000e+02
   1.0240000e+03
   9.9200000e+02
   9.6900000e+02
   1.0070000e+03
   9.5300000e+02
   9.3000000e+02
   9.6900000e+02
   9.4500000e+02
   9.5300000e+02
   9.5300000e+02
   8.9900000e+02
   9.3000000e+02
   9.3700000e+02
   9.2200000e+02
   9.3000000e+02
   9.6800000e+02
   1.0240000e+03
   1.0150000e+03
   1.0160000e+03
   1.0630000e+03
   1.0390000e+03
   1.0540000e+03
   1.0470000e+03
   9.9200000e+02
   9.6900000e+02
   9.3000000e+02
   1.0000000e+03
   9.6100000e+02
   1.0080000e+03
   8.9800000e+02
   8.5200000e+02
   9.7600000e+02
   1.0550000e+03
   1.0940000e+03
   1.0780000e+03
   1.0150000e+03
   1.0160000e+03
   9.3700000e+02
   9.6900000e+02
   9.7700000e+02
   9.2900000e+02
   1.1570000e+03
   1.1400000e+03
   1.1250000e+03
   1.0470000e+03
   1.0160000e+03
   9.6900000e+02
   1.0150000e+03
   1.0470000e+03
   1.0470000e+03
   1.1250000e+03
   1.1870000e+03
   1.1570000e+03
   1.1560000e+03
   1.0390000e+03
   1.0000000e+03
   9.2200000e+02
   9.3000000e+02
   9.2100000e+02
   9.8500000e+02
   9.3700000e+02
   1.0160000e+03
   9.6900000e+02
   9.7600000e+02
   1.0390000e+03
   9.6900000e+02
   9.8400000e+02
   8.9100000e+02
   9.5300000e+02
   1.0000000e+03
   1.0000000e+03
   9.6900000e+02
   9.6900000e+02
   9.6800000e+02
   1.0160000e+03
   1.0470000e+03
   1.0000000e+03
   1.0470000e+03
   1.0550000e+03
   1.0230000e+03
   1.0160000e+03
   9.9200000e+02
   1.0080000e+03
   1.0000000e+03
   1.0150000e+03
   1.0000000e+03
   9.5400000e+02
   9.7600000e+02
   9.6900000e+02
   9.7600000e+02
   1.0080000e+03
   1.0550000e+03
   1.0780000e+03
   1.0630000e+03
   1.1090000e+03
   1.0310000e+03
   9.6900000e+02
   9.9200000e+02
   9.4500000e+02
   9.6100000e+02
   8.8300000e+02
   9.2200000e+02
   8.8300000e+02
   9.6100000e+02
   9.6900000e+02
   1.0070000e+03
   1.0160000e+03
   1.0310000e+03
   1.0390000e+03
   1.0780000e+03
   1.0080000e+03
   9.9200000e+02
   1.0000000e+03
   1.0000000e+03
   1.0080000e+03
   1.0080000e+03
   1.0310000e+03
   9.7700000e+02
   1.0390000e+03
   9.5300000e+02
   1.0000000e+03
   1.0310000e+03
   1.0630000e+03
   1.0000000e+03
   1.0310000e+03
   9.5300000e+02
   9.6100000e+02
   9.9200000e+02
   9.6100000e+02
   9.6900000e+02
   1.0310000e+03
   9.9200000e+02
   9.8500000e+02
   1.0150000e+03
   9.6100000e+02
   1.0080000e+03
   1.0310000e+03
   9.7700000e+02
   9.6900000e+02
   9.5300000e+02
   9.4500000e+02
   9.6900000e+02
   9.2200000e+02
   1.0000000e+03
   9.8400000e+02
   1.0780000e+03
   1.0080000e+03
   1.0470000e+03
   1.0700000e+03
   9.6900000e+02
   1.0160000e+03
   1.0470000e+03
   9.6800000e+02
   1.0000000e+03
   1.0470000e+03
   1.0630000e+03
   1.0620000e+03
   1.0780000e+03
   9.8500000e+02
   1.0000000e+03
   9.6800000e+02
   9.8500000e+02
   9.5300000e+02
   9.7700000e+02
   1.0390000e+03
   9.7600000e+02
   9.6900000e+02
   9.1400000e+02
   8.9100000e+02
   8.9000000e+02
   9.6100000e+02
   9.7700000e+02
   1.0080000e+03
   1.0700000e+03
   1.0620000e+03
   1.0320000e+03
   1.0000000e+03
   9.6800000e+02
   9.6100000e+02
   9.4600000e+02
   9.4500000e+02
   9.4500000e+02
   9.1400000e+02
   9.3800000e+02
   9.3700000e+02
   9.6100000e+02
   9.2200000e+02
   9.2200000e+02
   9.6900000e+02
   9.6800000e+02
   9.0700000e+02
   9.6800000e+02
   1.0320000e+03
   1.0470000e+03
   1.0310000e+03
   1.0470000e+03
   1.0620000e+03
   1.0630000e+03
   1.0310000e+03
   1.0000000e+03
   9.3700000e+02
   9.1500000e+02
   1.0320000e+03
   1.0860000e+03
   1.0850000e+03
   1.0630000e+03
   1.1250000e+03
   1.0940000e+03
   1.0780000e+03
   1.0080000e+03
   9.6800000e+02
   9.8500000e+02
   9.1400000e+02
   9.6900000e+02
   1.0460000e+03
   1.0470000e+03
   1.0390000e+03
   1.0790000e+03
   1.1320000e+03
   1.1330000e+03
   1.0940000e+03
   1.0860000e+03
   1.0780000e+03
   1.0550000e+03
   1.0700000e+03
   1.0620000e+03
   1.0470000e+03
   1.0630000e+03
   1.0310000e+03
   1.0310000e+03
   1.0780000e+03
   1.0000000e+03
   1.0470000e+03
   1.0240000e+03
   1.0080000e+03
   1.0780000e+03
   1.0780000e+03
   1.0550000e+03
   9.5300000e+02
   9.2200000e+02
   9.2900000e+02
   8.5200000e+02
   8.5100000e+02
   8.6000000e+02
   8.9000000e+02
   8.9100000e+02
   9.3000000e+02
   9.6100000e+02
   1.0070000e+03
   9.3800000e+02
   1.0000000e+03
   9.5300000e+02
   9.7700000e+02
   9.7600000e+02
   1.0390000e+03
   9.5300000e+02
   1.0320000e+03
   9.5300000e+02
   9.4500000e+02
   9.4500000e+02
   9.2200000e+02
   9.5300000e+02
   9.2200000e+02
   8.9100000e+02
   9.5300000e+02
   9.2200000e+02
   9.3700000e+02
   9.6900000e+02
   9.6900000e+02
   9.3700000e+02
   9.3800000e+02
   9.0600000e+02
   9.5300000e+02
   9.6900000e+02
   9.3700000e+02
   9.5400000e+02
   9.8400000e+02
   9.6900000e+02
   9.5300000e+02
   9.6900000e+02
   9.3700000e+02
   9.8400000e+02
   9.2200000e+02
   9.5300000e+02
   8.8300000e+02
   8.8300000e+02
   8.5900000e+02
   8.2900000e+02
   8.7500000e+02
   8.3600000e+02
   8.7500000e+02
   8.9800000e+02
   8.7500000e+02
   9.3000000e+02
   8.5100000e+02
   8.9100000e+02
   9.0600000e+02
   9.0600000e+02
   8.5200000e+02
   8.3600000e+02
   8.6700000e+02
   8.8300000e+02
   8.4400000e+02
   8.6700000e+02
   9.2200000e+02
   8.3600000e+02
   9.0600000e+02
   8.7500000e+02
   9.3000000e+02
   9.2900000e+02
   9.6100000e+02
   8.9900000e+02
   8.4300000e+02
   8.4400000e+02
   7.9700000e+02
   8.3600000e+02
   8.2000000e+02
   8.6700000e+02
   8.9100000e+02
   7.4200000e+02
   7.7400000e+02
   8.0400000e+02
   7.5000000e+02
   8.2900000e+02
   7.7300000e+02
   7.8100000e+02
   8.2100000e+02
   7.8100000e+02
   7.3400000e+02
   7.3500000e+02
   7.3400000e+02
   7.1900000e+02
   7.0300000e+02
   7.1100000e+02
   7.2600000e+02
   7.1100000e+02
   7.4200000e+02
   7.5800000e+02
   9.3000000e+02
   9.4500000e+02
   8.8300000e+02
   9.0600000e+02
   8.8300000e+02
   8.8300000e+02
   8.5900000e+02
   8.6000000e+02
   8.4300000e+02
   8.7500000e+02
   8.2900000e+02
   8.5100000e+02
   8.5200000e+02
   8.2000000e+02
   8.5200000e+02
   7.9600000e+02
   8.2100000e+02
   7.5800000e+02
   8.4300000e+02
   8.1300000e+02
   7.3400000e+02
   8.2100000e+02
   7.8100000e+02
   7.8100000e+02
   8.5200000e+02
   8.5100000e+02
   8.6000000e+02
   9.1400000e+02
   8.3600000e+02
   8.4300000e+02
   8.5200000e+02
   8.5900000e+02
   8.6000000e+02
   8.2000000e+02
   8.1200000e+02
   8.0500000e+02
   7.6600000e+02
   7.5800000e+02
   7.5000000e+02
   8.2000000e+02
   8.8300000e+02
   8.5100000e+02
   9.1400000e+02
   8.6700000e+02
   7.9000000e+02
   8.2000000e+02
   7.9700000e+02
   7.7300000e+02
   7.8200000e+02
   7.7300000e+02
   7.8100000e+02
   7.8200000e+02
   7.1800000e+02
   7.8200000e+02
   7.5000000e+02
   7.7300000e+02
   7.5800000e+02
   7.8100000e+02
   7.7400000e+02
   8.2800000e+02
   7.9700000e+02
   8.4300000e+02
   7.9700000e+02
   8.1300000e+02
   8.1200000e+02
   7.6600000e+02
   8.2000000e+02
   7.5000000e+02
   7.4200000e+02
   7.2700000e+02
   7.5000000e+02
   7.1900000e+02
   7.7300000e+02
   7.2700000e+02
   8.0400000e+02
   7.9700000e+02
   7.6600000e+02
   7.9700000e+02
   8.5900000e+02
   7.5800000e+02
   7.5800000e+02
   7.8100000e+02
   7.6600000e+02
   7.8100000e+02
   8.0500000e+02
   7.8900000e+02
   8.2000000e+02
   8.5900000e+02
   8.8300000e+02
   9.0600000e+02
   9.4600000e+02
   9.5300000e+02
   9.9200000e+02
   9.6100000e+02
   9.9200000e+02
   8.9100000e+02
   8.9800000e+02
   9.1400000e+02
   9.7700000e+02
   8.9000000e+02
   8.8300000e+02
   8.7500000e+02
   8.7500000e+02
   8.9100000e+02
   9.0600000e+02
   9.8400000e+02
   8.7500000e+02
   8.9900000e+02
   8.2800000e+02
   8.8300000e+02
   8.9800000e+02
   9.4600000e+02
   9.0600000e+02
   9.1400000e+02
   9.0600000e+02
   8.8300000e+02
   8.9100000e+02
   9.0600000e+02
   9.0600000e+02
   8.7500000e+02
   8.9900000e+02
   9.2900000e+02
   9.1400000e+02
   8.9900000e+02
   8.9000000e+02
   8.6800000e+02
   9.1400000e+02
   9.3700000e+02
   9.7700000e+02
   9.9200000e+02
   9.6900000e+02
   9.9200000e+02
   1.0230000e+03
   9.6100000e+02
   9.9200000e+02
   9.6900000e+02
   1.0000000e+03
   9.8400000e+02
   1.0320000e+03
   9.3700000e+02
   1.0000000e+03
   9.8500000e+02
   9.6800000e+02
   9.8500000e+02
   9.6100000e+02
   1.0390000e+03
   1.0080000e+03
   1.0000000e+03
   1.0000000e+03
   9.6800000e+02
   9.7700000e+02
   9.3000000e+02
   9.3700000e+02
   9.6100000e+02
   8.8300000e+02
   9.1400000e+02
   9.5300000e+02
   9.6900000e+02
   9.8400000e+02
   9.3800000e+02
   9.3700000e+02
   9.3800000e+02
   9.1400000e+02
   9.9200000e+02
   1.0470000e+03
   1.0150000e+03
   1.0320000e+03
   9.9200000e+02
   9.9200000e+02
   1.0160000e+03
   9.9200000e+02
   1.0000000e+03
   1.0540000e+03
   1.0790000e+03
   9.9200000e+02
   9.6100000e+02
   9.2200000e+02
   9.2900000e+02
   1.0390000e+03
   1.0320000e+03
   1.0460000e+03
   9.9300000e+02
   1.0470000e+03
   9.6000000e+02
   1.0000000e+03
   9.9300000e+02
   9.8400000e+02
   9.8400000e+02
   9.3000000e+02
   9.8400000e+02
   9.3000000e+02
   1.0390000e+03
   1.0160000e+03
   1.0390000e+03
   1.0080000e+03
   1.0620000e+03
   1.0310000e+03
   1.0000000e+03
   1.0630000e+03
   1.0230000e+03
   1.0000000e+03
   9.6900000e+02
   9.7700000e+02
   9.8400000e+02
   1.0000000e+03
   1.0000000e+03
   9.3800000e+02
   9.3700000e+02
   9.3800000e+02
   1.0310000e+03
   1.0470000e+03
   1.0000000e+03
   9.6100000e+02
   9.4500000e+02
   9.3700000e+02
   9.6900000e+02
   9.6900000e+02
   1.0160000e+03
   9.9200000e+02
   9.7600000e+02
   9.6900000e+02
   9.6900000e+02
   9.7600000e+02
   9.2200000e+02
   8.6700000e+02
   8.0500000e+02
   8.6700000e+02
   1.0000000e+03
   1.0160000e+03
   1.0160000e+03
   1.0000000e+03
   9.3700000e+02
   9.7700000e+02
   9.9200000e+02
   1.0620000e+03
   1.0160000e+03
   9.8400000e+02
   9.4600000e+02
   9.6100000e+02
   1.0000000e+03
   1.0150000e+03
   1.0160000e+03
   9.6900000e+02
   9.8400000e+02
   1.0230000e+03
   1.0390000e+03
   1.0470000e+03
   1.0630000e+03
   1.0700000e+03
   1.0390000e+03
   1.0630000e+03
   9.5300000e+02
   9.3700000e+02
   9.2200000e+02
   9.3800000e+02
   1.0000000e+03
   9.5300000e+02
   9.6900000e+02
   9.6100000e+02
   9.7600000e+02
   9.5300000e+02
   9.7700000e+02
   9.2900000e+02
   9.3800000e+02
   9.5300000e+02
   8.9900000e+02
   9.1400000e+02
   9.0600000e+02
   9.2200000e+02
   9.5300000e+02
   9.8400000e+02
   9.5300000e+02
   1.0320000e+03
   9.5300000e+02
   9.8400000e+02
   9.6900000e+02
   1.0000000e+03
   9.8400000e+02
   9.6900000e+02
   1.0000000e+03
   9.5300000e+02
   9.7700000e+02
   9.4500000e+02
   9.3700000e+02
   9.2200000e+02
   9.0700000e+02
   9.5300000e+02
   9.4500000e+02
   9.5300000e+02
   9.7700000e+02
   9.8400000e+02
   9.5300000e+02
   1.0160000e+03
   1.0150000e+03
   9.4600000e+02
   9.2200000e+02
   1.1560000e+03
   1.0860000e+03
   1.0700000e+03
   1.0860000e+03
   1.1250000e+03
   1.0860000e+03
   1.1640000e+03
   1.1410000e+03
   1.1090000e+03
   1.0700000e+03
   1.0080000e+03
   1.0160000e+03
   1.0470000e+03
   1.0470000e+03
   1.0860000e+03
   1.0540000e+03
   1.0630000e+03
   1.0470000e+03
   1.0780000e+03
   1.0540000e+03
   1.0550000e+03
   1.0160000e+03
   1.0000000e+03
   9.8400000e+02
   9.5300000e+02
   9.9200000e+02
   9.3000000e+02
   8.8300000e+02
   8.9800000e+02
   9.1400000e+02
   9.5400000e+02
   9.6800000e+02
   9.7700000e+02
   9.9200000e+02
   9.9200000e+02
   9.9200000e+02
   9.3000000e+02
   8.9900000e+02
   9.6000000e+02
   8.9900000e+02
   9.0600000e+02
   9.4500000e+02
   9.3000000e+02
   9.1400000e+02
   9.5300000e+02
   9.6900000e+02
   9.4500000e+02
   9.9300000e+02
   9.3700000e+02
   9.3800000e+02
   9.4500000e+02
   9.7600000e+02
   9.6100000e+02
   9.5400000e+02
   9.2100000e+02
   8.9100000e+02
   9.1400000e+02
   8.9900000e+02
   9.5300000e+02
   9.8400000e+02
   9.6900000e+02
   9.8400000e+02
   9.7700000e+02
   9.5300000e+02
   9.1400000e+02
   9.0600000e+02
   8.8300000e+02
   8.9100000e+02
   8.7500000e+02
   9.0600000e+02
   9.2200000e+02
   9.2200000e+02
   8.9800000e+02
   8.8300000e+02
   8.8300000e+02
   8.9800000e+02
   9.3800000e+02
   9.4500000e+02
   9.6100000e+02
   9.8400000e+02
   9.6900000e+02
   9.6900000e+02
   9.1400000e+02
   9.1400000e+02
   8.1200000e+02
   7.8200000e+02
   7.4200000e+02
   7.5000000e+02
   7.4200000e+02
   7.4200000e+02
   7.3500000e+02
   7.3400000e+02
   7.2600000e+02
   7.5000000e+02
   6.8800000e+02
   7.1100000e+02
   6.8700000e+02
   6.8000000e+02
   7.0300000e+02
   6.7200000e+02
   6.7200000e+02
   7.1900000e+02
   7.9700000e+02
   8.7500000e+02
   8.4300000e+02
   8.6000000e+02
   8.5900000e+02
   8.8300000e+02
   8.8300000e+02
   9.0600000e+02
   8.5900000e+02
   8.2800000e+02
   7.8200000e+02
   7.8100000e+02
   7.9700000e+02
   7.9700000e+02
   8.0400000e+02
   8.0500000e+02
   7.8100000e+02
   7.5000000e+02
   7.1900000e+02
   7.5800000e+02
   7.2600000e+02
   7.4300000e+02
   7.9700000e+02
   7.2600000e+02
   7.4200000e+02
   7.5000000e+02
   7.5000000e+02
   7.5000000e+02
   7.6600000e+02
   7.5000000e+02
   7.5700000e+02
   7.5800000e+02
   7.5000000e+02
   7.4200000e+02
   7.5000000e+02
   7.0300000e+02
   7.1100000e+02
   7.9600000e+02
   7.2700000e+02
   6.4800000e+02
   7.2700000e+02
   6.7100000e+02
   7.1100000e+02
   6.5700000e+02
   7.2600000e+02
   6.6400000e+02
   7.1100000e+02
   7.0300000e+02
   7.1100000e+02
   7.3500000e+02
   7.2600000e+02
   7.0300000e+02
   7.1900000e+02
   7.1900000e+02
   7.4200000e+02
   7.9700000e+02
   7.5800000e+02
   7.1800000e+02
   7.1900000e+02
   7.1900000e+02
   7.0300000e+02
   7.8100000e+02
   7.8900000e+02
   7.9700000e+02
   7.7400000e+02
   7.4200000e+02
   7.6500000e+02
   7.5000000e+02
   7.3500000e+02
   7.1900000e+02
   7.8100000e+02
   7.4200000e+02
   7.6600000e+02
   8.3600000e+02
   9.3700000e+02
   9.7700000e+02
   9.6100000e+02
   8.7500000e+02
   8.9800000e+02
   8.9800000e+02
   8.6800000e+02
   8.6700000e+02
   8.4400000e+02
   8.5100000e+02
   8.6700000e+02
   8.2800000e+02
   8.7500000e+02
   9.3800000e+02
   9.5300000e+02
   9.3000000e+02
   9.0600000e+02
   9.1400000e+02
   8.7500000e+02
   8.3600000e+02
   8.3600000e+02
   8.5200000e+02
   8.6700000e+02
   8.8300000e+02
   8.4300000e+02
   8.8300000e+02
   8.5200000e+02
   8.1200000e+02
   8.9900000e+02
   8.5900000e+02
   9.0600000e+02
   9.2200000e+02
   8.9100000e+02
   9.2200000e+02
   9.2100000e+02
   9.5400000e+02
   9.6100000e+02
   9.3700000e+02
   9.7700000e+02
   9.4500000e+02
   9.4500000e+02
   9.7700000e+02
   9.4500000e+02
   9.8400000e+02
   9.8500000e+02
   9.5300000e+02
   9.5300000e+02
   9.6900000e+02
   1.0470000e+03
   9.5300000e+02
   9.8400000e+02
   9.3800000e+02
   9.5300000e+02
   8.9800000e+02
   1.0080000e+03
   1.0160000e+03
   1.0310000e+03
   1.0160000e+03
   1.0310000e+03
   9.3700000e+02
   9.6100000e+02
   9.3800000e+02
   9.2900000e+02
   9.2200000e+02
   8.8300000e+02
   8.8300000e+02
   8.5900000e+02
   9.6100000e+02
   9.3800000e+02
   9.9200000e+02
   9.6900000e+02
   9.6800000e+02
   9.4600000e+02
   9.4500000e+02
   9.4500000e+02
   9.5400000e+02
   9.5300000e+02
   9.6100000e+02
   9.6800000e+02
   9.6900000e+02
   9.4500000e+02
   1.0240000e+03
   9.2200000e+02
   9.8400000e+02
   9.1400000e+02
   9.9200000e+02
   1.0000000e+03
   1.0000000e+03
   1.0000000e+03
   9.5300000e+02
   1.0000000e+03
   9.3800000e+02
   9.6900000e+02
   9.4500000e+02
   1.0230000e+03
   9.8500000e+02
   1.0310000e+03
   9.8400000e+02
   9.5400000e+02
   9.6100000e+02
   8.9000000e+02
   9.9200000e+02
   9.6100000e+02
   1.0000000e+03
   1.0320000e+03
   1.0150000e+03
   1.0550000e+03
   1.0470000e+03
   1.0310000e+03
   9.6100000e+02
   9.9200000e+02
   1.0000000e+03
   9.8400000e+02
   1.0160000e+03
   9.8400000e+02
   9.8500000e+02
   9.5300000e+02
   9.0600000e+02
   9.5300000e+02
   1.0000000e+03
   9.9300000e+02
   1.0070000e+03
   9.7700000e+02
   9.9200000e+02
   9.5300000e+02
   9.9200000e+02
   9.7700000e+02
   9.5300000e+02
   9.7700000e+02
   1.0860000e+03
   1.0700000e+03
   1.0780000e+03
   1.0630000e+03
   1.0700000e+03
   1.0390000e+03
   1.0860000e+03
   1.0550000e+03
   1.1010000e+03
   1.1090000e+03
   1.1100000e+03
   1.1090000e+03
   1.0390000e+03
   1.0470000e+03
   1.0550000e+03
