   7.1746800e+02
   6.6400000e+02
   6.5700000e+02
   6.9500000e+02
   6.8700000e+02
   6.5700000e+02
   6.7200000e+02
   6.8700000e+02
   6.8800000e+02
   7.0300000e+02
   7.3400000e+02
   5.4700000e+02
   7.6600000e+02
   7.3400000e+02
   7.3400000e+02
   7.4200000e+02
   7.3500000e+02
   7.4200000e+02
   7.5800000e+02
   7.1900000e+02
   7.6500000e+02
   7.2700000e+02
   7.1900000e+02
   7.1800000e+02
   7.1900000e+02
   7.1900000e+02
   7.5000000e+02
   7.8100000e+02
   7.6600000e+02
   7.6500000e+02
   7.7400000e+02
   7.1100000e+02
   7.2600000e+02
   7.2700000e+02
   7.2600000e+02
   7.2700000e+02
   6.9500000e+02
   7.1100000e+02
   6.9500000e+02
   6.8000000e+02
   6.8000000e+02
   6.5600000e+02
   6.8000000e+02
   7.1100000e+02
   7.1800000e+02
   7.1900000e+02
   7.5000000e+02
   7.8100000e+02
   7.8200000e+02
   7.7300000e+02
   7.8900000e+02
   8.3600000e+02
   8.4400000e+02
   7.1800000e+02
   6.9600000e+02
   6.8700000e+02
   6.7200000e+02
   6.6400000e+02
   6.8000000e+02
   7.1100000e+02
   7.3400000e+02
   7.3500000e+02
   7.5000000e+02
   7.3400000e+02
   7.5800000e+02
   7.6500000e+02
   7.5800000e+02
   7.5800000e+02
   7.2700000e+02
   7.6500000e+02
   7.6600000e+02
   7.5800000e+02
   7.9700000e+02
   7.8900000e+02
   8.1200000e+02
   8.2000000e+02
   7.5800000e+02
   8.1300000e+02
   7.6500000e+02
   7.7400000e+02
   7.7300000e+02
   7.5000000e+02
   7.8900000e+02
   7.8200000e+02
   7.6500000e+02
   7.8100000e+02
   7.2700000e+02
   7.5800000e+02
   7.3400000e+02
   7.2700000e+02
   7.3400000e+02
   7.1900000e+02
   7.3400000e+02
   7.2700000e+02
   7.1900000e+02
   7.1800000e+02
   7.0300000e+02
   6.8000000e+02
   6.7200000e+02
   6.8000000e+02
   7.0300000e+02
   7.1900000e+02
   7.1000000e+02
   7.5000000e+02
   7.7400000e+02
   7.4200000e+02
   7.7400000e+02
   7.6500000e+02
   7.4200000e+02
   7.2700000e+02
   7.2600000e+02
   7.1100000e+02
   6.6400000e+02
   6.7200000e+02
   6.8800000e+02
   7.4200000e+02
   7.7300000e+02
   7.8200000e+02
   8.2800000e+02
   8.5900000e+02
   8.2800000e+02
   8.6000000e+02
   8.9800000e+02
   9.1400000e+02
   8.3600000e+02
   8.2800000e+02
   8.0500000e+02
   7.5800000e+02
   7.8100000e+02
   7.3400000e+02
   7.2700000e+02
   7.6600000e+02
   7.1100000e+02
   7.4200000e+02
   7.2600000e+02
   7.3500000e+02
   7.1100000e+02
   7.1100000e+02
   7.2600000e+02
   7.0300000e+02
   7.4200000e+02
   7.3500000e+02
   6.8700000e+02
   7.1100000e+02
   7.1100000e+02
   7.1100000e+02
   6.8800000e+02
   7.1100000e+02
   7.1000000e+02
   7.1100000e+02
   6.9600000e+02
   7.1100000e+02
   7.2600000e+02
   7.1900000e+02
   7.1900000e+02
   7.0300000e+02
   7.1100000e+02
   7.0300000e+02
   7.1900000e+02
   7.1100000e+02
   7.1100000e+02
   6.9500000e+02
   6.8700000e+02
   6.9600000e+02
   6.7200000e+02
   6.7900000e+02
   6.8800000e+02
   6.7900000e+02
   6.8800000e+02
   7.0300000e+02
   6.8000000e+02
   6.7900000e+02
   6.8800000e+02
   6.7200000e+02
   6.6400000e+02
   6.8000000e+02
   6.8700000e+02
   7.0300000e+02
   7.0300000e+02
   7.0300000e+02
   7.0400000e+02
   7.0300000e+02
   7.0300000e+02
   7.1900000e+02
   6.7900000e+02
   7.1100000e+02
   7.0300000e+02
   6.8800000e+02
   6.8700000e+02
   6.6400000e+02
   6.7200000e+02
   6.8000000e+02
   6.7200000e+02
   7.0300000e+02
   7.1100000e+02
   7.1900000e+02
   6.9500000e+02
   7.2600000e+02
   7.1100000e+02
   7.1100000e+02
   7.1100000e+02
   6.8800000e+02
   7.1100000e+02
   7.3400000e+02
   7.1900000e+02
   6.9500000e+02
   7.0300000e+02
   6.8000000e+02
   6.6400000e+02
   6.8000000e+02
   6.4800000e+02
   6.6400000e+02
   6.9600000e+02
   6.9500000e+02
   6.8700000e+02
   6.9600000e+02
   7.3400000e+02
   6.9500000e+02
   6.9600000e+02
   6.9500000e+02
   6.9500000e+02
   7.1100000e+02
   7.1900000e+02
   6.8700000e+02
   6.9600000e+02
   7.1100000e+02
   7.1100000e+02
   6.8700000e+02
   6.9500000e+02
   7.0400000e+02
   6.7900000e+02
   6.8800000e+02
   6.9500000e+02
   6.8000000e+02
   6.7200000e+02
   6.7900000e+02
   6.8000000e+02
   6.8800000e+02
   7.0300000e+02
   6.8700000e+02
   7.1100000e+02
   7.4200000e+02
   8.1300000e+02
   7.8100000e+02
   8.0500000e+02
   7.8900000e+02
   7.4200000e+02
   7.3400000e+02
   7.3500000e+02
   7.0300000e+02
   7.2600000e+02
   7.2700000e+02
   7.1100000e+02
   7.1900000e+02
   7.1100000e+02
   6.9500000e+02
   6.9500000e+02
   6.8800000e+02
   6.7900000e+02
   6.7200000e+02
   6.5700000e+02
   6.6400000e+02
   6.6400000e+02
   6.4800000e+02
   6.5600000e+02
   6.4900000e+02
   6.4800000e+02
   6.7200000e+02
   6.6400000e+02
   6.8000000e+02
   6.6400000e+02
   6.4800000e+02
   6.4100000e+02
   6.4100000e+02
   6.3200000e+02
   6.4900000e+02
   6.6400000e+02
   6.3300000e+02
   6.3300000e+02
   6.4000000e+02
   6.4100000e+02
   6.4800000e+02
   6.4900000e+02
   6.3200000e+02
   6.4100000e+02
   6.7200000e+02
   6.6400000e+02
   6.6400000e+02
   6.4900000e+02
   6.4800000e+02
   6.5600000e+02
   6.7200000e+02
   6.4900000e+02
   6.6400000e+02
   6.7100000e+02
   6.6500000e+02
   6.5600000e+02
   6.4800000e+02
   6.4100000e+02
   6.4800000e+02
   6.4100000e+02
   6.5600000e+02
   6.6400000e+02
   6.5600000e+02
   6.8800000e+02
   7.0300000e+02
   6.7200000e+02
   6.8000000e+02
   6.7900000e+02
   6.6400000e+02
   6.7200000e+02
   6.6400000e+02
   6.7200000e+02
   6.7200000e+02
   6.8700000e+02
   6.7200000e+02
   6.6400000e+02
   1.3290000e+03
   6.7900000e+02
   6.7200000e+02
   6.7200000e+02
   7.0300000e+02
   1.3830000e+03
   6.9500000e+02
   6.8800000e+02
   7.0300000e+02
   7.1100000e+02
   7.3400000e+02
   7.1100000e+02
   7.1100000e+02
   7.0300000e+02
   6.9500000e+02
   6.8000000e+02
   6.5600000e+02
   6.5700000e+02
   6.5600000e+02
   6.6400000e+02
   6.5600000e+02
   6.5600000e+02
   6.3300000e+02
   6.0200000e+02
   6.3300000e+02
   6.2500000e+02
   6.4000000e+02
   7.2600000e+02
   7.1900000e+02
   6.6400000e+02
   7.0300000e+02
   6.6400000e+02
   6.8700000e+02
   6.9600000e+02
   6.8700000e+02
   6.8800000e+02
   6.7200000e+02
   6.5600000e+02
   6.4800000e+02
   6.4900000e+02
   6.4800000e+02
   6.4900000e+02
   6.4000000e+02
   6.3300000e+02
   6.3300000e+02
   6.8700000e+02
   6.9500000e+02
   6.9600000e+02
   7.1000000e+02
   6.9600000e+02
   6.7200000e+02
   6.8700000e+02
   6.8000000e+02
   6.7200000e+02
   6.8700000e+02
   6.6400000e+02
   6.6400000e+02
   6.5700000e+02
   6.6400000e+02
   6.6400000e+02
   6.6400000e+02
   6.5600000e+02
   6.5600000e+02
   6.6400000e+02
   6.6400000e+02
   6.8000000e+02
   7.0300000e+02
   6.7200000e+02
   6.8000000e+02
   6.8700000e+02
   6.9600000e+02
   6.7900000e+02
   6.8000000e+02
   6.5600000e+02
   6.4900000e+02
   6.4800000e+02
   6.5600000e+02
   6.3300000e+02
   6.4900000e+02
   6.5600000e+02
   6.4800000e+02
   6.7200000e+02
   6.5600000e+02
   6.4900000e+02
   6.9500000e+02
   6.7200000e+02
   6.8000000e+02
   6.7200000e+02
   6.7100000e+02
   6.8000000e+02
   7.0300000e+02
   7.1100000e+02
   7.1900000e+02
   7.1100000e+02
   7.0300000e+02
   7.0300000e+02
   6.9500000e+02
   6.5700000e+02
   7.1800000e+02
   6.7200000e+02
   6.7200000e+02
   6.5600000e+02
   6.6500000e+02
   6.6400000e+02
   6.2500000e+02
   6.4000000e+02
   6.3300000e+02
   6.4100000e+02
   6.5600000e+02
   6.7200000e+02
   6.6400000e+02
   6.7200000e+02
   6.9500000e+02
   6.9500000e+02
   6.9600000e+02
   7.0300000e+02
   7.0300000e+02
   7.1100000e+02
   7.0300000e+02
   6.8000000e+02
   6.9500000e+02
   6.7200000e+02
   6.5600000e+02
   6.6400000e+02
   6.4900000e+02
   6.6400000e+02
   6.7200000e+02
   6.5600000e+02
   6.8700000e+02
   6.7200000e+02
   6.8800000e+02
   6.8700000e+02
   6.9500000e+02
   6.6500000e+02
   6.8700000e+02
   6.8800000e+02
   6.6400000e+02
   6.7100000e+02
   6.8000000e+02
   6.7200000e+02
   6.8000000e+02
   6.6400000e+02
   6.5600000e+02
   6.4800000e+02
   6.4900000e+02
   6.4100000e+02
   6.4800000e+02
   6.4800000e+02
   6.4100000e+02
   6.4800000e+02
   6.4900000e+02
   6.3300000e+02
   6.2500000e+02
   6.4800000e+02
   6.3300000e+02
   6.5600000e+02
   6.6400000e+02
   6.7200000e+02
   6.9500000e+02
   7.1100000e+02
   7.0400000e+02
   7.3400000e+02
   6.8700000e+02
   7.1100000e+02
   6.8800000e+02
   6.7200000e+02
   6.6400000e+02
   6.5600000e+02
   6.5600000e+02
   6.6400000e+02
   6.6400000e+02
   6.7200000e+02
   6.5700000e+02
   6.8700000e+02
   6.6400000e+02
   6.6400000e+02
   6.7200000e+02
   6.7200000e+02
   6.6400000e+02
   6.8000000e+02
   6.8700000e+02
   6.9500000e+02
   6.8800000e+02
   7.0300000e+02
   6.8800000e+02
   6.8700000e+02
   6.9500000e+02
   6.8000000e+02
   6.8800000e+02
   6.7900000e+02
   6.5700000e+02
   6.7900000e+02
   7.0300000e+02
   6.8800000e+02
   7.1100000e+02
   7.4200000e+02
   7.5000000e+02
   7.0300000e+02
   7.0300000e+02
   6.7200000e+02
   6.5600000e+02
   7.1100000e+02
   7.1900000e+02
   6.9500000e+02
   6.8000000e+02
   6.6400000e+02
   6.4900000e+02
   6.2500000e+02
   6.3200000e+02
   6.4100000e+02
   6.4100000e+02
   6.2500000e+02
   6.4800000e+02
   6.4800000e+02
   6.3300000e+02
   6.3300000e+02
   6.3300000e+02
   6.1700000e+02
   6.3300000e+02
   6.3300000e+02
   6.4000000e+02
   6.7200000e+02
   6.7200000e+02
   6.5600000e+02
   6.4100000e+02
   6.4800000e+02
   7.0400000e+02
   7.7300000e+02
   7.9700000e+02
   8.4400000e+02
   8.4300000e+02
   8.8300000e+02
   7.9700000e+02
   8.0500000e+02
   7.9700000e+02
   7.5700000e+02
   7.3500000e+02
   7.5000000e+02
   7.2600000e+02
   7.4300000e+02
   7.4200000e+02
   7.1100000e+02
   7.2600000e+02
   7.2700000e+02
   7.2600000e+02
   7.1100000e+02
   6.8800000e+02
   6.9500000e+02
   6.8800000e+02
   6.8700000e+02
   6.8800000e+02
   6.9500000e+02
   7.1100000e+02
   7.0300000e+02
   7.2700000e+02
   7.4200000e+02
   7.3400000e+02
   7.6600000e+02
   7.5800000e+02
   7.5000000e+02
   7.4200000e+02
   7.0300000e+02
   7.1900000e+02
   7.1100000e+02
   7.1000000e+02
   7.1900000e+02
   7.3500000e+02
   7.4200000e+02
   7.4200000e+02
   7.1900000e+02
   7.2600000e+02
   7.2700000e+02
   7.2600000e+02
   7.2700000e+02
   7.1100000e+02
   7.1900000e+02
   6.9500000e+02
   6.8000000e+02
   6.7200000e+02
   6.7100000e+02
   6.6400000e+02
   6.8000000e+02
   6.9500000e+02
   6.7200000e+02
   6.6400000e+02
   6.6400000e+02
   6.6500000e+02
   6.6400000e+02
   6.6400000e+02
   6.7900000e+02
   6.8000000e+02
   6.9500000e+02
   7.0300000e+02
   7.0400000e+02
   7.4200000e+02
   7.4200000e+02
   7.3400000e+02
   7.4300000e+02
   7.3400000e+02
   7.2600000e+02
   7.3500000e+02
   6.9500000e+02
   6.8000000e+02
   7.0300000e+02
   7.0300000e+02
   7.0300000e+02
   7.1900000e+02
   7.1100000e+02
   7.1100000e+02
   7.2600000e+02
   7.3500000e+02
   7.3400000e+02
   7.4200000e+02
   7.7400000e+02
   7.5800000e+02
   7.7300000e+02
   7.6600000e+02
   7.5700000e+02
   7.1900000e+02
   7.5000000e+02
   7.2700000e+02
   7.2600000e+02
   7.1900000e+02
   7.2700000e+02
   7.1800000e+02
   7.1900000e+02
   7.6600000e+02
   7.7300000e+02
   7.8900000e+02
   7.6600000e+02
   7.3400000e+02
   7.5000000e+02
   7.2700000e+02
   7.1900000e+02
   7.2600000e+02
   7.2700000e+02
   7.4200000e+02
   7.2600000e+02
   6.8800000e+02
   7.0300000e+02
   7.1100000e+02
   6.8000000e+02
   7.1100000e+02
   7.2600000e+02
   7.6600000e+02
   7.5000000e+02
   7.7300000e+02
   7.8200000e+02
   7.9600000e+02
   8.2100000e+02
   8.0400000e+02
   8.1300000e+02
   8.3600000e+02
   7.7300000e+02
   7.8900000e+02
   7.5800000e+02
   7.5000000e+02
   7.5000000e+02
   7.1900000e+02
   7.4200000e+02
   7.3400000e+02
   7.2700000e+02
   7.3400000e+02
   7.1900000e+02
   7.1100000e+02
   7.1100000e+02
   7.1900000e+02
   7.1900000e+02
   7.1000000e+02
   6.8800000e+02
   6.9500000e+02
   7.1100000e+02
   7.3500000e+02
   7.1800000e+02
   7.3500000e+02
   7.2600000e+02
   7.1100000e+02
   7.2700000e+02
   7.1100000e+02
   7.1100000e+02
   7.1100000e+02
   6.9500000e+02
   6.7200000e+02
   6.5600000e+02
   6.5600000e+02
   6.7200000e+02
   6.8800000e+02
   7.3400000e+02
   7.3400000e+02
   7.4300000e+02
   7.5700000e+02
   7.7400000e+02
   7.9700000e+02
   7.5800000e+02
   7.6500000e+02
   7.7400000e+02
   7.4200000e+02
   7.5000000e+02
   7.7300000e+02
   7.4200000e+02
   7.2700000e+02
   7.3400000e+02
   7.3500000e+02
   7.1800000e+02
   7.3500000e+02
   7.3400000e+02
   6.9600000e+02
   7.0300000e+02
   6.8700000e+02
   6.8000000e+02
   6.9500000e+02
   7.1100000e+02
   7.0300000e+02
   7.0300000e+02
   6.8800000e+02
   6.8700000e+02
   6.8000000e+02
   6.8800000e+02
   6.7900000e+02
   6.9600000e+02
   6.9500000e+02
   6.8700000e+02
   6.8800000e+02
   6.8000000e+02
   6.5600000e+02
   6.5600000e+02
   6.4800000e+02
   6.4900000e+02
   6.5600000e+02
   6.7200000e+02
   6.6400000e+02
   7.0300000e+02
   7.0300000e+02
   6.8800000e+02
   7.1100000e+02
   7.2600000e+02
   6.9600000e+02
   7.1100000e+02
   7.0300000e+02
   6.7900000e+02
   6.8800000e+02
   6.8000000e+02
   6.7900000e+02
   6.6400000e+02
   6.4900000e+02
   6.4800000e+02
   6.5600000e+02
   6.4900000e+02
   6.4800000e+02
   6.5700000e+02
   6.5600000e+02
   6.4800000e+02
   6.4900000e+02
   6.4000000e+02
   6.3300000e+02
   6.4100000e+02
   6.3300000e+02
   6.4000000e+02
   6.4100000e+02
   6.3300000e+02
   6.4000000e+02
   6.4100000e+02
   6.4100000e+02
   6.3200000e+02
   6.4900000e+02
   6.4000000e+02
   6.4100000e+02
   6.5600000e+02
   6.4900000e+02
   6.4800000e+02
   6.3300000e+02
   6.4800000e+02
   6.2500000e+02
   6.2500000e+02
   6.1000000e+02
   6.2500000e+02
   6.2500000e+02
   6.1700000e+02
   6.0200000e+02
   6.2500000e+02
   6.2500000e+02
   6.5600000e+02
   6.7200000e+02
   6.5600000e+02
   6.7200000e+02
   6.8700000e+02
   7.2700000e+02
   6.9500000e+02
   7.1900000e+02
   7.1100000e+02
   7.0300000e+02
   6.9500000e+02
   7.1100000e+02
   6.9600000e+02
   7.1800000e+02
   7.4200000e+02
   7.1900000e+02
   7.2700000e+02
   7.2600000e+02
   7.1100000e+02
   6.9600000e+02
   6.7900000e+02
   6.7200000e+02
   6.5600000e+02
   6.5700000e+02
   6.4000000e+02
   6.3300000e+02
   6.4900000e+02
   6.5600000e+02
   6.5600000e+02
   6.7200000e+02
   6.8700000e+02
   6.9600000e+02
   7.1800000e+02
   7.1900000e+02
   6.8000000e+02
   7.1100000e+02
   6.9500000e+02
   6.8800000e+02
   6.9500000e+02
   7.0300000e+02
   7.0300000e+02
   7.0300000e+02
   7.1100000e+02
   7.2700000e+02
   7.3400000e+02
   7.4200000e+02
   7.2700000e+02
   7.4200000e+02
   7.5000000e+02
   7.5800000e+02
   7.6600000e+02
   7.5000000e+02
   7.5700000e+02
   7.6600000e+02
   7.5000000e+02
   7.5000000e+02
   7.5800000e+02
   7.2600000e+02
   7.5000000e+02
   7.1100000e+02
   7.3500000e+02
   7.2600000e+02
   7.3500000e+02
   7.1800000e+02
   7.1900000e+02
   6.9500000e+02
   6.8000000e+02
   6.6400000e+02
   7.1100000e+02
   8.0400000e+02
   8.1300000e+02
   8.5100000e+02
   8.6800000e+02
   8.4300000e+02
   8.3600000e+02
   7.7400000e+02
   7.5800000e+02
   7.8100000e+02
   7.6600000e+02
   7.9700000e+02
   7.7300000e+02
   8.2000000e+02
   8.3600000e+02
   8.4400000e+02
   8.7500000e+02
   8.5200000e+02
   7.8100000e+02
   7.8900000e+02
   7.7300000e+02
   7.5000000e+02
   7.8900000e+02
   8.2900000e+02
   8.2000000e+02
   8.9000000e+02
   8.9100000e+02
   8.2800000e+02
   8.6000000e+02
   7.9600000e+02
   8.1300000e+02
   8.2000000e+02
   8.1300000e+02
   8.2800000e+02
   8.2800000e+02
   8.2000000e+02
   7.5000000e+02
   8.3600000e+02
   8.3600000e+02
   7.9700000e+02
   8.2800000e+02
   8.2800000e+02
   8.3600000e+02
   8.6000000e+02
   8.5100000e+02
   8.2800000e+02
   8.2100000e+02
   7.7300000e+02
   8.5900000e+02
   8.3600000e+02
   7.8900000e+02
   8.2900000e+02
   7.8100000e+02
   8.1200000e+02
   7.4300000e+02
   7.8100000e+02
   7.6500000e+02
   7.8200000e+02
   8.0400000e+02
   7.6600000e+02
   8.2000000e+02
   8.1300000e+02
   7.5800000e+02
   7.6500000e+02
   7.6600000e+02
   7.4200000e+02
   7.2700000e+02
   7.5000000e+02
   7.4200000e+02
   7.2600000e+02
   7.3500000e+02
   7.3400000e+02
   7.2700000e+02
   7.4200000e+02
   7.5000000e+02
   7.6500000e+02
   7.6600000e+02
   7.5800000e+02
   7.5000000e+02
   7.2600000e+02
   7.5800000e+02
   8.0500000e+02
   7.8100000e+02
   7.9700000e+02
   7.7400000e+02
   8.1200000e+02
   7.9700000e+02
   7.5800000e+02
   7.5800000e+02
   7.3400000e+02
   7.0300000e+02
   7.2700000e+02
   7.3400000e+02
   7.4200000e+02
   7.5800000e+02
   7.4200000e+02
   7.5000000e+02
   7.5000000e+02
   7.1900000e+02
   7.1900000e+02
   7.3400000e+02
   7.2700000e+02
   7.5700000e+02
   7.4300000e+02
   7.5000000e+02
   7.4200000e+02
   7.5800000e+02
   7.3400000e+02
   7.1100000e+02
   7.1100000e+02
   7.1100000e+02
   7.0300000e+02
   6.8700000e+02
   6.9600000e+02
   6.9500000e+02
   6.7200000e+02
   6.7200000e+02
   6.7900000e+02
   6.8800000e+02
   6.8700000e+02
   6.8000000e+02
   6.8800000e+02
   7.1800000e+02
   6.8000000e+02
   6.6400000e+02
   6.2500000e+02
   6.4900000e+02
   6.5600000e+02
   6.4800000e+02
   6.6400000e+02
   6.5700000e+02
   6.6400000e+02
   6.6400000e+02
   6.7900000e+02
   6.9600000e+02
   7.0300000e+02
   7.1100000e+02
   7.4200000e+02
   7.8100000e+02
   7.8100000e+02
   7.9000000e+02
   7.5000000e+02
   7.2600000e+02
   7.1900000e+02
   7.1100000e+02
   6.9500000e+02
   6.9500000e+02
   6.8800000e+02
   7.0300000e+02
   7.1100000e+02
   7.1100000e+02
   7.1100000e+02
   7.0300000e+02
   6.9500000e+02
   7.0300000e+02
   7.0400000e+02
   6.9500000e+02
   6.9500000e+02
   6.9500000e+02
   6.8000000e+02
   6.8000000e+02
   6.8000000e+02
   6.7900000e+02
   7.0300000e+02
   7.1100000e+02
   7.0300000e+02
   6.9600000e+02
   7.1100000e+02
   7.0300000e+02
   6.9500000e+02
   7.0300000e+02
   6.8000000e+02
   7.0300000e+02
   6.9500000e+02
   7.1100000e+02
   7.3500000e+02
   7.4200000e+02
   7.5000000e+02
   7.4200000e+02
   7.4200000e+02
   7.2700000e+02
   7.4200000e+02
   7.1900000e+02
   7.2600000e+02
   7.5800000e+02
   7.3400000e+02
   7.5000000e+02
   7.4300000e+02
   7.2600000e+02
   7.1900000e+02
   7.1100000e+02
   7.1900000e+02
   7.1100000e+02
   6.8700000e+02
   7.1100000e+02
   6.9500000e+02
   6.8000000e+02
   6.9500000e+02
   6.8800000e+02
   6.8000000e+02
   6.8700000e+02
   6.8800000e+02
   6.7100000e+02
   6.8800000e+02
   6.8700000e+02
   6.7200000e+02
   6.8800000e+02
   6.7900000e+02
   7.0400000e+02
   6.8700000e+02
   6.9500000e+02
   6.5700000e+02
   6.5600000e+02
   6.4800000e+02
   6.4100000e+02
   6.4100000e+02
   6.4000000e+02
   6.4100000e+02
   6.3300000e+02
   6.3200000e+02
   6.1800000e+02
   6.2500000e+02
   6.3200000e+02
   6.8800000e+02
   6.9500000e+02
   7.1100000e+02
   6.8000000e+02
   7.1100000e+02
   7.2600000e+02
   7.6600000e+02
   7.8100000e+02
   7.4200000e+02
   7.5800000e+02
   7.0300000e+02
   6.9600000e+02
   7.0300000e+02
   7.1100000e+02
   7.1100000e+02
   7.1100000e+02
   7.0300000e+02
   7.1900000e+02
   7.1800000e+02
   7.3500000e+02
   7.2600000e+02
   7.1900000e+02
   7.1100000e+02
   7.3400000e+02
   7.1100000e+02
   6.8000000e+02
   6.8700000e+02
   6.5700000e+02
   6.4800000e+02
   6.4900000e+02
   6.4000000e+02
   6.3300000e+02
   6.4800000e+02
   6.2500000e+02
   6.4900000e+02
   6.5600000e+02
   6.4900000e+02
   6.6400000e+02
   6.6400000e+02
   6.7200000e+02
   6.7900000e+02
   6.8800000e+02
   6.7900000e+02
   6.8000000e+02
   6.9500000e+02
   6.8000000e+02
   6.8000000e+02
   6.7200000e+02
   6.5600000e+02
   6.5600000e+02
   6.5600000e+02
   6.5700000e+02
   6.4000000e+02
   6.4100000e+02
   6.5600000e+02
   6.4900000e+02
   6.8700000e+02
   6.6400000e+02
   6.7200000e+02
   7.0300000e+02
   7.1100000e+02
   7.1900000e+02
   7.1900000e+02
   6.8700000e+02
   6.8800000e+02
   6.7100000e+02
   6.8000000e+02
   6.5600000e+02
   6.7200000e+02
   6.6400000e+02
   6.7200000e+02
   6.7200000e+02
   7.1100000e+02
   6.8800000e+02
   6.9500000e+02
   6.7200000e+02
   6.4800000e+02
   6.6500000e+02
   6.5600000e+02
   6.7200000e+02
   7.1800000e+02
   7.1100000e+02
   7.1100000e+02
   6.8800000e+02
   6.8700000e+02
   6.8800000e+02
   6.6400000e+02
   6.7200000e+02
   6.7200000e+02
   6.5600000e+02
   6.8000000e+02
   6.8700000e+02
   6.8800000e+02
   7.1800000e+02
   7.2700000e+02
   7.2600000e+02
   7.5000000e+02
   7.1900000e+02
   7.2700000e+02
   7.0300000e+02
   6.9500000e+02
   7.1100000e+02
   7.0300000e+02
   7.0300000e+02
   7.5000000e+02
   7.1100000e+02
   7.2700000e+02
   7.0300000e+02
   7.0300000e+02
   7.1100000e+02
   6.9500000e+02
   6.8800000e+02
   6.9500000e+02
   6.8800000e+02
   6.7200000e+02
   7.3400000e+02
   6.9500000e+02
   7.1900000e+02
   7.1100000e+02
   7.1900000e+02
   7.5000000e+02
   7.5000000e+02
   7.4200000e+02
   7.6600000e+02
   6.9500000e+02
   7.1100000e+02
   7.1100000e+02
   7.1100000e+02
   6.7200000e+02
   6.7100000e+02
   6.5700000e+02
   6.4000000e+02
   6.4900000e+02
   6.6400000e+02
   6.7900000e+02
   6.8000000e+02
   6.9500000e+02
   7.1100000e+02
   7.4300000e+02
   7.7300000e+02
   7.9700000e+02
   7.5800000e+02
   7.9700000e+02
   8.0400000e+02
   7.7400000e+02
   7.5000000e+02
   7.5800000e+02
   7.5700000e+02
   7.3500000e+02
   7.6500000e+02
   7.2700000e+02
   7.1100000e+02
   7.1100000e+02
   7.1900000e+02
   7.0300000e+02
   7.4200000e+02
   7.6500000e+02
   7.5800000e+02
   7.6600000e+02
   8.0500000e+02
   7.8100000e+02
   7.8900000e+02
   7.8900000e+02
   7.7300000e+02
   7.5000000e+02
   7.5800000e+02
   7.5000000e+02
   7.4200000e+02
   7.6600000e+02
   7.7300000e+02
   7.9000000e+02
   8.2000000e+02
   8.2000000e+02
   8.0500000e+02
   7.8900000e+02
   7.3400000e+02
   7.5800000e+02
   7.5800000e+02
   7.1900000e+02
   7.5000000e+02
   7.4200000e+02
   7.1100000e+02
   7.2600000e+02
   7.3500000e+02
   7.1800000e+02
   7.5800000e+02
   7.8200000e+02
   7.6500000e+02
   7.8100000e+02
   7.8900000e+02
   7.8200000e+02
   7.9700000e+02
   7.8900000e+02
   7.7300000e+02
   7.7400000e+02
   7.6500000e+02
   7.3500000e+02
   7.5700000e+02
   7.7400000e+02
   7.4200000e+02
   7.6600000e+02
   7.5000000e+02
   7.3400000e+02
   7.3400000e+02
   7.5000000e+02
   7.2700000e+02
   7.5800000e+02
   8.0400000e+02
   7.5800000e+02
   7.8100000e+02
   7.6600000e+02
   7.1900000e+02
   7.2600000e+02
   6.9600000e+02
   7.1100000e+02
   6.8700000e+02
   6.8000000e+02
   7.0300000e+02
   7.1100000e+02
   7.2600000e+02
   7.2700000e+02
   7.3400000e+02
   7.2700000e+02
   7.1900000e+02
   7.3400000e+02
   7.6600000e+02
   7.5800000e+02
   7.5700000e+02
   7.5800000e+02
   7.5000000e+02
   7.4200000e+02
   7.5000000e+02
   7.3500000e+02
   7.3400000e+02
   7.9700000e+02
   7.9700000e+02
   8.0500000e+02
   7.5700000e+02
   7.5800000e+02
   7.2700000e+02
   7.1800000e+02
   7.1100000e+02
   7.1900000e+02
   7.1100000e+02
   7.5000000e+02
   7.9700000e+02
   7.5000000e+02
   7.5000000e+02
   7.5800000e+02
   7.3400000e+02
   7.5000000e+02
   7.2700000e+02
   7.2600000e+02
   6.9600000e+02
   6.9500000e+02
   6.8000000e+02
   7.0300000e+02
   6.7200000e+02
   6.8700000e+02
   6.6400000e+02
   6.8000000e+02
   6.6400000e+02
   6.7200000e+02
   6.8700000e+02
   6.6400000e+02
   6.3200000e+02
   6.4900000e+02
   6.2500000e+02
   6.3300000e+02
   6.2500000e+02
   6.2500000e+02
   6.3200000e+02
   6.2500000e+02
   6.4100000e+02
   6.4900000e+02
   6.4000000e+02
   6.2500000e+02
   6.2500000e+02
   6.2500000e+02
   6.1000000e+02
   6.0900000e+02
   6.1700000e+02
   6.0200000e+02
   6.0900000e+02
   6.0200000e+02
   6.1700000e+02
   6.2500000e+02
   6.1700000e+02
   6.3300000e+02
   6.3300000e+02
   6.4000000e+02
   6.5600000e+02
   6.3300000e+02
   6.5700000e+02
   6.4800000e+02
   6.4100000e+02
   6.6400000e+02
   6.5600000e+02
   6.4800000e+02
   6.6400000e+02
   6.5700000e+02
   6.5600000e+02
   6.5600000e+02
   6.4100000e+02
   6.4800000e+02
   6.4100000e+02
   6.4000000e+02
   6.4900000e+02
   6.5600000e+02
   6.8800000e+02
   6.5600000e+02
   6.8000000e+02
   6.8700000e+02
   6.9500000e+02
   6.4800000e+02
   6.3300000e+02
   6.5700000e+02
   6.7100000e+02
   6.7200000e+02
   6.5700000e+02
   6.7900000e+02
   6.8800000e+02
   6.8700000e+02
   6.9600000e+02
   7.1000000e+02
   6.8000000e+02
   6.9500000e+02
   6.8800000e+02
   6.8000000e+02
   6.6400000e+02
   7.0300000e+02
   6.8700000e+02
   6.8000000e+02
   6.8800000e+02
   6.7900000e+02
   6.9600000e+02
   6.9500000e+02
   7.1900000e+02
   7.1100000e+02
   6.9500000e+02
   6.6400000e+02
   6.8700000e+02
   6.8800000e+02
   6.6400000e+02
   6.7200000e+02
   6.9500000e+02
   6.7200000e+02
   6.8000000e+02
   6.9500000e+02
   6.9500000e+02
   7.1900000e+02
   7.4200000e+02
   7.6600000e+02
   7.5000000e+02
   7.1900000e+02
   7.3400000e+02
   7.2700000e+02
   7.0300000e+02
   7.4200000e+02
   7.4200000e+02
   7.8900000e+02
   7.5000000e+02
   7.7400000e+02
   7.6500000e+02
   7.3500000e+02
   7.0300000e+02
   7.4200000e+02
   7.5000000e+02
   7.6600000e+02
   8.0400000e+02
   7.8900000e+02
   7.8200000e+02
   8.0400000e+02
   8.1300000e+02
   7.9700000e+02
   8.2800000e+02
   7.8100000e+02
   7.6600000e+02
   7.8900000e+02
   7.8900000e+02
   7.6500000e+02
   8.5200000e+02
   8.7500000e+02
   8.4400000e+02
   7.8100000e+02
   8.0500000e+02
   7.8900000e+02
   7.9700000e+02
   8.0400000e+02
   8.2100000e+02
   8.6700000e+02
   8.6700000e+02
   8.0500000e+02
   8.5100000e+02
   8.6000000e+02
   8.8200000e+02
   7.8900000e+02
   8.1300000e+02
   8.1200000e+02
   8.3600000e+02
   9.1400000e+02
   9.4600000e+02
   8.9800000e+02
   8.6700000e+02
   8.1300000e+02
   7.9700000e+02
   7.5800000e+02
   7.8900000e+02
   7.9600000e+02
   7.9700000e+02
   7.7400000e+02
   8.0400000e+02
   7.6600000e+02
   7.6600000e+02
   7.8100000e+02
   7.1900000e+02
   7.3400000e+02
   7.4200000e+02
   6.7200000e+02
   6.6400000e+02
   6.8800000e+02
   1.1090000e+03
   2.5000000e+02
   7.0300000e+02
   7.0300000e+02
   6.8800000e+02
   7.8200000e+02
   7.3400000e+02
   7.5800000e+02
   7.3400000e+02
   7.2700000e+02
   7.2600000e+02
   7.4200000e+02
   7.2700000e+02
   7.5000000e+02
   7.1100000e+02
   7.3400000e+02
   7.6600000e+02
   7.7300000e+02
   7.8200000e+02
   7.9600000e+02
   8.2900000e+02
   8.0400000e+02
   7.8200000e+02
   7.8100000e+02
   7.4200000e+02
   7.1100000e+02
   7.1900000e+02
   7.1800000e+02
   7.3500000e+02
   7.1900000e+02
   7.3400000e+02
   7.4200000e+02
   7.5000000e+02
   7.4200000e+02
   7.5800000e+02
   7.7400000e+02
   6.7100000e+02
   6.5700000e+02
   6.5600000e+02
   7.1100000e+02
   7.2600000e+02
   7.0300000e+02
   7.1100000e+02
   7.2700000e+02
   7.5000000e+02
   7.0300000e+02
   7.3400000e+02
   7.5000000e+02
   7.0400000e+02
   7.1100000e+02
   7.1000000e+02
   7.8100000e+02
   7.8100000e+02
   7.4300000e+02
   7.1900000e+02
   7.2700000e+02
   7.1100000e+02
   6.7900000e+02
   6.5600000e+02
   6.4100000e+02
   6.6400000e+02
   6.8000000e+02
   7.9000000e+02
   7.8900000e+02
   7.9600000e+02
   7.3500000e+02
   7.3400000e+02
   7.2700000e+02
   7.3400000e+02
   7.1900000e+02
   7.2600000e+02
   7.3500000e+02
   7.6500000e+02
   7.8200000e+02
   7.6500000e+02
   7.8200000e+02
   7.9600000e+02
   7.9700000e+02
   7.8200000e+02
   7.6500000e+02
   7.5000000e+02
   7.4200000e+02
   7.3500000e+02
   7.2600000e+02
   7.4300000e+02
   7.5000000e+02
   7.5700000e+02
   7.4200000e+02
   7.6600000e+02
   7.8100000e+02
   7.7300000e+02
   7.5800000e+02
   7.4200000e+02
   7.1900000e+02
   7.1900000e+02
   7.4200000e+02
   7.7400000e+02
   7.4200000e+02
   7.7300000e+02
   7.5000000e+02
   7.3500000e+02
   7.5000000e+02
   7.4200000e+02
   7.2600000e+02
   7.3500000e+02
   7.3400000e+02
   7.0300000e+02
   6.9600000e+02
   7.1000000e+02
   6.9600000e+02
   7.1100000e+02
   7.3400000e+02
   7.3400000e+02
   7.4300000e+02
   7.5700000e+02
   7.5000000e+02
   7.4300000e+02
   7.5000000e+02
   7.5000000e+02
   7.4200000e+02
   7.6500000e+02
   7.2700000e+02
   7.2700000e+02
   7.4200000e+02
   7.4200000e+02
   7.3400000e+02
   7.2700000e+02
   7.5800000e+02
   7.4200000e+02
   7.5800000e+02
   7.6500000e+02
   7.7400000e+02
   7.6500000e+02
   7.9700000e+02
   7.6600000e+02
   7.8900000e+02
   8.0500000e+02
   7.8900000e+02
   7.9700000e+02
   7.8900000e+02
   7.6500000e+02
   7.7400000e+02
   7.8100000e+02
   7.6600000e+02
   7.3400000e+02
   7.5000000e+02
   7.2700000e+02
   7.1800000e+02
   7.2700000e+02
   7.2600000e+02
   7.1900000e+02
   7.1100000e+02
   6.9500000e+02
   6.9600000e+02
   7.0300000e+02
   7.3400000e+02
   7.4200000e+02
   7.5000000e+02
   7.7400000e+02
   7.9700000e+02
   7.9700000e+02
   7.9600000e+02
   7.9700000e+02
   7.8200000e+02
   7.8100000e+02
   7.6500000e+02
   7.4300000e+02
   7.3400000e+02
   7.2700000e+02
   7.1100000e+02
   7.2600000e+02
   7.1100000e+02
   7.0300000e+02
   7.0300000e+02
   7.2700000e+02
   6.8700000e+02
   7.1900000e+02
   7.2700000e+02
   7.2600000e+02
   7.5000000e+02
   7.5800000e+02
   7.5800000e+02
   7.3400000e+02
   7.5000000e+02
   7.4200000e+02
   7.3500000e+02
   7.4200000e+02
   7.4200000e+02
   7.1100000e+02
   7.2700000e+02
   7.2600000e+02
   7.0300000e+02
   7.1900000e+02
   7.2700000e+02
   6.8700000e+02
   6.9500000e+02
   7.1100000e+02
   6.9600000e+02
   6.9500000e+02
   6.8800000e+02
   6.7900000e+02
   6.9600000e+02
   7.4200000e+02
   7.6500000e+02
   7.4300000e+02
   7.4200000e+02
   7.8100000e+02
   7.5800000e+02
   7.5000000e+02
   7.2600000e+02
   7.5000000e+02
   7.1900000e+02
   7.0300000e+02
   6.9600000e+02
   6.9500000e+02
   7.0300000e+02
   7.1100000e+02
   7.1100000e+02
   6.9500000e+02
   6.9500000e+02
   7.0400000e+02
   7.0300000e+02
   7.2600000e+02
   7.1900000e+02
   7.1900000e+02
   7.2600000e+02
   7.4300000e+02
   7.3400000e+02
   7.1900000e+02
   7.0300000e+02
   7.1900000e+02
   7.2600000e+02
   7.3400000e+02
   7.4300000e+02
   7.1800000e+02
   7.3500000e+02
   7.3400000e+02
   7.0300000e+02
   7.0300000e+02
   7.0400000e+02
   6.8700000e+02
   6.8000000e+02
   6.7900000e+02
   6.9600000e+02
   6.8700000e+02
   6.9600000e+02
   6.8700000e+02
   6.8000000e+02
   6.7900000e+02
   7.1100000e+02
   7.0300000e+02
   7.0400000e+02
   7.1100000e+02
   7.1000000e+02
   7.2700000e+02
   7.1100000e+02
   7.1100000e+02
   7.1100000e+02
   6.8000000e+02
   6.9500000e+02
   6.9500000e+02
   6.8000000e+02
   6.5600000e+02
   6.8800000e+02
   6.5600000e+02
   6.7200000e+02
   6.7900000e+02
   7.0400000e+02
   7.2600000e+02
   7.1900000e+02
   7.2600000e+02
   7.1900000e+02
   7.0300000e+02
   6.8800000e+02
   6.7200000e+02
   6.9500000e+02
   7.2700000e+02
   6.8700000e+02
   6.8000000e+02
   6.7900000e+02
   6.7200000e+02
   7.1100000e+02
   7.2700000e+02
   7.1100000e+02
   7.0300000e+02
   7.0300000e+02
   6.9500000e+02
   6.9600000e+02
   6.7900000e+02
   6.8000000e+02
   7.1100000e+02
   7.1900000e+02
   7.2600000e+02
   7.1900000e+02
   7.4200000e+02
   7.5000000e+02
   7.3500000e+02
   7.5000000e+02
   7.6500000e+02
   7.6600000e+02
   7.4200000e+02
   7.7300000e+02
   7.5800000e+02
   7.6600000e+02
   7.7300000e+02
   7.2700000e+02
   7.5000000e+02
   7.1900000e+02
   7.1100000e+02
   7.1000000e+02
   6.8000000e+02
   6.9500000e+02
   6.9600000e+02
   6.8700000e+02
   6.9600000e+02
   7.3400000e+02
   7.2700000e+02
   7.1000000e+02
   6.9600000e+02
   7.1900000e+02
   6.9500000e+02
   6.8000000e+02
   7.0300000e+02
   6.9500000e+02
   7.1900000e+02
   7.3400000e+02
   7.1900000e+02
   7.3400000e+02
   7.5800000e+02
   7.8100000e+02
   7.8900000e+02
   7.1900000e+02
   7.4200000e+02
   7.5800000e+02
   7.5000000e+02
   7.5000000e+02
   7.5000000e+02
   7.5000000e+02
   7.5000000e+02
   7.4200000e+02
   7.2700000e+02
   7.2600000e+02
   7.4300000e+02
   7.5700000e+02
   8.1300000e+02
   7.7300000e+02
   7.8900000e+02
   7.9700000e+02
   7.5000000e+02
   7.7400000e+02
   7.5000000e+02
   7.2600000e+02
   7.3500000e+02
   7.7300000e+02
   7.3400000e+02
   7.7400000e+02
   7.9700000e+02
   7.6500000e+02
   7.8200000e+02
   8.1200000e+02
   7.9700000e+02
   7.9700000e+02
   8.2800000e+02
   8.1300000e+02
   7.9600000e+02
   7.8900000e+02
   7.7400000e+02
   7.7300000e+02
   7.7400000e+02
   7.8100000e+02
   7.9700000e+02
   8.1200000e+02
   8.0500000e+02
   8.0500000e+02
   7.8100000e+02
   7.7300000e+02
   7.8200000e+02
   7.6500000e+02
   7.7400000e+02
   7.6500000e+02
   7.3500000e+02
   7.4200000e+02
   7.5000000e+02
   7.1900000e+02
   6.7900000e+02
   6.7200000e+02
   6.8000000e+02
   6.8700000e+02
   6.9600000e+02
   6.7900000e+02
   6.6500000e+02
   6.9500000e+02
   7.0300000e+02
   7.1100000e+02
   7.6600000e+02
   8.0400000e+02
   8.2800000e+02
   8.4400000e+02
   8.5200000e+02
   8.5100000e+02
   8.3600000e+02
   8.0500000e+02
   7.8900000e+02
   7.8100000e+02
   7.9700000e+02
   7.8900000e+02
   8.1300000e+02
   7.9600000e+02
   7.3500000e+02
   7.5000000e+02
   7.5800000e+02
   7.3400000e+02
   7.5000000e+02
   7.1100000e+02
   7.2700000e+02
   7.0300000e+02
   6.7200000e+02
   6.8700000e+02
   6.8000000e+02
   6.8700000e+02
   6.9600000e+02
   6.7900000e+02
   7.1100000e+02
   7.1900000e+02
   7.4200000e+02
   7.5000000e+02
   7.7400000e+02
   7.7300000e+02
   8.0500000e+02
   8.1200000e+02
   7.5000000e+02
   7.7400000e+02
   7.5000000e+02
   7.4200000e+02
   7.5000000e+02
   7.1100000e+02
   7.3400000e+02
   7.0300000e+02
   7.1900000e+02
   7.1100000e+02
   7.0300000e+02
   7.0300000e+02
   6.8800000e+02
   6.7200000e+02
   6.7900000e+02
   6.7200000e+02
   6.6400000e+02
   6.5600000e+02
   6.7200000e+02
   6.9600000e+02
   7.1100000e+02
   7.4200000e+02
   7.3400000e+02
   7.1100000e+02
   7.4200000e+02
   7.4200000e+02
   7.5000000e+02
   7.6600000e+02
   7.7300000e+02
   7.5800000e+02
   7.5000000e+02
   7.6600000e+02
   7.6600000e+02
   7.5000000e+02
   7.4200000e+02
   7.4200000e+02
   7.2600000e+02
   7.1100000e+02
   7.1100000e+02
   7.3500000e+02
   7.5000000e+02
   7.7300000e+02
   7.7400000e+02
   7.8100000e+02
   7.6500000e+02
   7.7400000e+02
   7.6600000e+02
   7.5700000e+02
   8.0500000e+02
   8.4400000e+02
   7.9700000e+02
   7.9700000e+02
   7.2600000e+02
   7.3400000e+02
   7.5800000e+02
   7.4200000e+02
   7.0400000e+02
   7.1800000e+02
   7.0300000e+02
   7.1100000e+02
