   4.7422700e+02
   4.5300000e+02
   4.5300000e+02
   4.5300000e+02
   4.4600000e+02
   4.4500000e+02
   4.3800000e+02
   4.3700000e+02
   4.3800000e+02
   4.2900000e+02
   4.3000000e+02
   4.3700000e+02
   4.3800000e+02
   4.3700000e+02
   4.4600000e+02
   4.3700000e+02
   4.3800000e+02
   4.4500000e+02
   4.3800000e+02
   4.4500000e+02
   4.3700000e+02
   4.5400000e+02
   4.3700000e+02
   4.3800000e+02
   4.3700000e+02
   4.5300000e+02
   4.5300000e+02
   4.6900000e+02
   4.6900000e+02
   4.6100000e+02
   4.4500000e+02
   4.5300000e+02
   4.4500000e+02
   4.4600000e+02
   4.4500000e+02
   4.3000000e+02
   4.2900000e+02
   4.3000000e+02
   4.2200000e+02
   4.3000000e+02
   4.2900000e+02
   4.3800000e+02
   4.3000000e+02
   4.4500000e+02
   4.3700000e+02
   4.3800000e+02
   4.3000000e+02
   4.2900000e+02
   4.3000000e+02
   4.1400000e+02
   4.2200000e+02
   4.2200000e+02
   4.3700000e+02
   4.3000000e+02
   4.2200000e+02
   4.3000000e+02
   4.2100000e+02
   4.2200000e+02
   4.3800000e+02
   4.1400000e+02
   4.0600000e+02
   4.1400000e+02
   4.0600000e+02
   4.0700000e+02
   3.9800000e+02
   4.0600000e+02
   4.0700000e+02
   4.2100000e+02
   4.3800000e+02
   4.6900000e+02
   4.1400000e+02
   4.2200000e+02
   4.1400000e+02
   4.1400000e+02
   4.2200000e+02
   4.2200000e+02
   4.3700000e+02
   4.3800000e+02
   4.4500000e+02
   4.5300000e+02
   4.6900000e+02
   4.6100000e+02
   4.6800000e+02
   4.6900000e+02
   4.8500000e+02
   4.7600000e+02
   4.7700000e+02
   4.7600000e+02
   4.6100000e+02
   4.6900000e+02
   4.6900000e+02
   4.4500000e+02
   4.6900000e+02
   4.4500000e+02
   4.6100000e+02
   4.5300000e+02
   4.7700000e+02
   4.6800000e+02
   4.6100000e+02
   4.3800000e+02
   4.4500000e+02
   4.6900000e+02
   4.5300000e+02
   4.4500000e+02
   4.4600000e+02
   4.2900000e+02
   4.3000000e+02
   4.3000000e+02
   4.2900000e+02
   4.2200000e+02
   4.2200000e+02
   4.1400000e+02
   4.3000000e+02
   4.3700000e+02
   4.3000000e+02
   4.5300000e+02
   4.4600000e+02
   4.6000000e+02
   4.6100000e+02
   5.0000000e+02
   5.0000000e+02
   4.6100000e+02
   4.6900000e+02
   4.5300000e+02
   4.5300000e+02
   4.6100000e+02
   3.5200000e+02
   5.3900000e+02
   4.3700000e+02
   4.3800000e+02
   4.2200000e+02
   4.2200000e+02
   4.1400000e+02
   4.0600000e+02
   4.0600000e+02
   3.6700000e+02
   5.2400000e+02
   4.4500000e+02
   4.3800000e+02
   4.3700000e+02
   4.5300000e+02
   4.3800000e+02
   4.2900000e+02
   4.3000000e+02
   4.3800000e+02
   4.2900000e+02
   4.3000000e+02
   4.5300000e+02
   4.4500000e+02
   4.5400000e+02
   4.5300000e+02
   4.6100000e+02
   4.4500000e+02
   4.4500000e+02
   4.3000000e+02
   4.2200000e+02
   4.3700000e+02
   4.3000000e+02
   4.3000000e+02
   4.5300000e+02
   4.3700000e+02
   4.4600000e+02
   4.6100000e+02
   4.6800000e+02
   4.5300000e+02
   4.6100000e+02
   4.5400000e+02
   4.7600000e+02
   4.9200000e+02
   4.5300000e+02
   4.4600000e+02
   4.3700000e+02
   4.3800000e+02
   4.4500000e+02
   4.3800000e+02
   4.3700000e+02
   4.3800000e+02
   4.3700000e+02
   4.4500000e+02
   4.6100000e+02
   4.4600000e+02
   4.6800000e+02
   5.0000000e+02
   4.6100000e+02
   3.9900000e+02
   3.3600000e+02
   2.8100000e+02
   2.7300000e+02
   4.3000000e+02
   4.3800000e+02
   4.2900000e+02
   2.6600000e+02
   5.8600000e+02
   4.3700000e+02
   4.2200000e+02
   4.3000000e+02
   4.1400000e+02
   4.2200000e+02
   4.1400000e+02
   4.2200000e+02
   4.2200000e+02
   4.1400000e+02
   4.2900000e+02
   4.2200000e+02
   4.3000000e+02
   4.3000000e+02
   4.3700000e+02
   4.1400000e+02
   4.3800000e+02
   4.2200000e+02
   4.2900000e+02
   4.4600000e+02
   4.3700000e+02
   4.4500000e+02
   4.3800000e+02
   4.3700000e+02
   4.3000000e+02
   4.3000000e+02
   4.2900000e+02
   4.4600000e+02
   4.2200000e+02
   4.3700000e+02
   4.2200000e+02
   4.3700000e+02
   4.3000000e+02
   4.3800000e+02
   4.3700000e+02
   4.3800000e+02
   4.4500000e+02
   4.3700000e+02
   4.4600000e+02
   4.5300000e+02
   4.6100000e+02
   4.6100000e+02
   4.6100000e+02
   4.6800000e+02
   4.6100000e+02
   4.5400000e+02
   4.6000000e+02
   4.3800000e+02
   4.4500000e+02
   4.3800000e+02
   4.4500000e+02
   4.3800000e+02
   4.4500000e+02
   4.6100000e+02
   4.5300000e+02
   4.4500000e+02
   4.5300000e+02
   4.5400000e+02
   4.3700000e+02
   4.3800000e+02
   4.4500000e+02
   4.3700000e+02
   4.4600000e+02
   4.4500000e+02
   4.4500000e+02
   4.4600000e+02
   4.2900000e+02
   4.5300000e+02
   4.3800000e+02
   4.6100000e+02
   4.4500000e+02
   4.6100000e+02
   4.6900000e+02
   5.0000000e+02
   4.7600000e+02
   4.9300000e+02
   4.6800000e+02
   4.7700000e+02
   4.5300000e+02
   4.6100000e+02
   4.6900000e+02
   4.7600000e+02
   4.7700000e+02
   4.9200000e+02
   4.7700000e+02
   4.8400000e+02
   4.5300000e+02
   4.6100000e+02
   4.5300000e+02
   4.5300000e+02
   4.4600000e+02
   4.5300000e+02
   4.4500000e+02
   4.4500000e+02
   4.3800000e+02
   4.3700000e+02
   4.4600000e+02
   4.3700000e+02
   4.4500000e+02
   4.4600000e+02
   4.5300000e+02
   4.5300000e+02
   4.4500000e+02
   4.5300000e+02
   4.6100000e+02
   4.6900000e+02
   4.7700000e+02
   4.6100000e+02
   4.6800000e+02
   4.6100000e+02
   4.7700000e+02
   4.7600000e+02
   4.6900000e+02
   4.9200000e+02
   4.7700000e+02
   4.7700000e+02
   4.7600000e+02
   4.6900000e+02
   4.6900000e+02
   4.6800000e+02
   4.6100000e+02
   4.6900000e+02
   4.6100000e+02
   4.5300000e+02
   4.5300000e+02
   4.6900000e+02
   4.6100000e+02
   4.6100000e+02
   4.6100000e+02
   4.6100000e+02
   4.6800000e+02
   4.6100000e+02
   4.8500000e+02
   4.6900000e+02
   4.9200000e+02
   4.8400000e+02
   4.6900000e+02
   4.7600000e+02
   4.7700000e+02
   5.0000000e+02
   4.6900000e+02
   4.6800000e+02
   4.6100000e+02
   4.7700000e+02
   4.6100000e+02
   4.6900000e+02
   4.6100000e+02
   4.6800000e+02
   4.6100000e+02
   4.6100000e+02
   4.5300000e+02
   4.5300000e+02
   4.4600000e+02
   4.4500000e+02
   4.4500000e+02
   4.4600000e+02
   4.5300000e+02
   4.6100000e+02
   4.5300000e+02
   4.7600000e+02
   4.6100000e+02
   4.7700000e+02
   4.7700000e+02
   4.7600000e+02
   4.7700000e+02
   4.6100000e+02
   4.8400000e+02
   4.6900000e+02
   4.7600000e+02
   4.6900000e+02
   4.6900000e+02
   4.6900000e+02
   4.6000000e+02
   4.7700000e+02
   4.6900000e+02
   4.8400000e+02
   4.9200000e+02
   5.0800000e+02
   4.9200000e+02
   4.9300000e+02
   4.9200000e+02
   5.0000000e+02
   4.8400000e+02
   4.8400000e+02
   4.6900000e+02
   4.6100000e+02
   4.6100000e+02
   4.5300000e+02
   4.6100000e+02
   4.5300000e+02
   4.6100000e+02
   4.5300000e+02
   4.6100000e+02
   4.6100000e+02
   4.6100000e+02
   4.6100000e+02
   4.5300000e+02
   4.4600000e+02
   4.4500000e+02
   4.4500000e+02
   4.3000000e+02
   4.4500000e+02
   4.4500000e+02
   4.6900000e+02
   4.7700000e+02
   4.7600000e+02
   4.7700000e+02
   4.9200000e+02
   5.0800000e+02
   4.8400000e+02
   4.9200000e+02
   4.9300000e+02
   5.1500000e+02
   4.8500000e+02
   5.0000000e+02
   4.9200000e+02
   5.0000000e+02
   5.0800000e+02
   4.9200000e+02
   4.8400000e+02
   4.9200000e+02
   5.2400000e+02
   5.5500000e+02
   5.3900000e+02
   5.5400000e+02
   5.3200000e+02
   5.3100000e+02
   5.0800000e+02
   5.0000000e+02
   5.0000000e+02
   5.0000000e+02
   4.9200000e+02
   5.0000000e+02
   4.8400000e+02
   4.9200000e+02
   4.8500000e+02
   5.0000000e+02
   4.8400000e+02
   4.8400000e+02
   4.7700000e+02
   4.8400000e+02
   4.7700000e+02
   4.6100000e+02
   4.7600000e+02
   4.8500000e+02
   4.7600000e+02
   4.7700000e+02
   4.7700000e+02
   4.7600000e+02
   4.6100000e+02
   4.7700000e+02
   4.6800000e+02
   4.6100000e+02
   4.6900000e+02
   4.8400000e+02
   4.7700000e+02
   4.7700000e+02
   4.6800000e+02
   4.6100000e+02
   4.6100000e+02
   4.4500000e+02
   4.4600000e+02
   4.4500000e+02
   4.4500000e+02
   4.6100000e+02
   4.5300000e+02
   4.6100000e+02
   4.5400000e+02
   4.6800000e+02
   4.4600000e+02
   4.5300000e+02
   4.5300000e+02
   4.4500000e+02
   4.4500000e+02
   4.6100000e+02
   4.6100000e+02
   4.7700000e+02
   4.6900000e+02
   4.8400000e+02
   4.8400000e+02
   5.0000000e+02
   4.7700000e+02
   5.0000000e+02
   5.2300000e+02
   4.8500000e+02
   5.1500000e+02
   4.9300000e+02
   5.0000000e+02
   4.8400000e+02
   4.8400000e+02
   5.0000000e+02
   5.0000000e+02
   5.1600000e+02
   5.0800000e+02
   5.3900000e+02
   5.0800000e+02
   5.5400000e+02
   5.0800000e+02
   5.1600000e+02
   5.0000000e+02
   5.0800000e+02
   4.9200000e+02
   4.9200000e+02
   4.8400000e+02
   4.6900000e+02
   4.6900000e+02
   4.6900000e+02
   5.0000000e+02
   4.7600000e+02
   5.0000000e+02
   4.9200000e+02
   5.0000000e+02
   5.5500000e+02
   5.3100000e+02
   5.2400000e+02
   5.0800000e+02
   5.0000000e+02
   5.0700000e+02
   4.9300000e+02
   5.2300000e+02
   4.9200000e+02
   5.0000000e+02
   5.0000000e+02
   4.8500000e+02
   5.3900000e+02
   5.0000000e+02
   5.0000000e+02
   5.1500000e+02
   5.1600000e+02
   5.2300000e+02
   5.0000000e+02
   5.1600000e+02
   4.9200000e+02
   4.7700000e+02
   5.1500000e+02
   5.2400000e+02
   5.4700000e+02
   5.3900000e+02
   5.1500000e+02
   5.2400000e+02
   5.0000000e+02
   5.2300000e+02
   5.1600000e+02
   5.0800000e+02
   4.7600000e+02
   4.6900000e+02
   4.6900000e+02
   4.6100000e+02
   4.6100000e+02
   4.6000000e+02
   4.6900000e+02
   4.6900000e+02
   4.6900000e+02
   4.6800000e+02
   5.0000000e+02
   4.7700000e+02
   5.0800000e+02
   4.7600000e+02
   5.0000000e+02
   4.8500000e+02
   4.8400000e+02
   4.6900000e+02
   4.5300000e+02
   4.5300000e+02
   4.6100000e+02
   4.6100000e+02
   4.6100000e+02
   4.7700000e+02
   4.9200000e+02
   4.8400000e+02
   5.1600000e+02
   5.0000000e+02
   5.0800000e+02
   5.3100000e+02
   5.0000000e+02
   5.3900000e+02
   5.2300000e+02
   5.3200000e+02
   5.1500000e+02
   5.0000000e+02
   5.0800000e+02
   4.9200000e+02
   4.9200000e+02
   5.0000000e+02
   4.9300000e+02
   5.1500000e+02
   4.8500000e+02
   5.0000000e+02
   4.9200000e+02
   5.0000000e+02
   5.0000000e+02
   5.3100000e+02
   5.3100000e+02
   4.9200000e+02
   5.2400000e+02
   4.9200000e+02
   5.0000000e+02
   4.9200000e+02
   4.8500000e+02
   5.1500000e+02
   5.0000000e+02
   5.0000000e+02
   4.9200000e+02
   4.9300000e+02
   4.9200000e+02
   4.7600000e+02
   5.0000000e+02
   5.0800000e+02
   5.3900000e+02
   5.1600000e+02
   5.2300000e+02
   5.1600000e+02
   5.0800000e+02
   5.2300000e+02
   5.2400000e+02
   5.3900000e+02
   5.1500000e+02
   5.3900000e+02
   5.0000000e+02
   5.1600000e+02
   4.9200000e+02
   5.0800000e+02
   5.0000000e+02
   5.3100000e+02
   5.0000000e+02
   5.0800000e+02
   5.0800000e+02
   4.8400000e+02
   5.0000000e+02
   4.8500000e+02
   5.0000000e+02
   4.9200000e+02
   4.8400000e+02
   5.0000000e+02
   5.0800000e+02
   5.3100000e+02
   5.4700000e+02
   5.7800000e+02
   5.3100000e+02
   5.7900000e+02
   5.3100000e+02
   5.3900000e+02
   5.1600000e+02
   5.0700000e+02
   5.1600000e+02
   5.3900000e+02
   5.2300000e+02
   5.0000000e+02
   4.9300000e+02
   4.6800000e+02
   4.6100000e+02
   4.6900000e+02
   4.6900000e+02
   5.0800000e+02
   4.8400000e+02
   4.9200000e+02
   4.8500000e+02
   4.8400000e+02
   5.0000000e+02
   4.9200000e+02
   5.0800000e+02
   5.0000000e+02
   5.0000000e+02
   4.9200000e+02
   4.9200000e+02
   4.7700000e+02
   4.9200000e+02
   4.8400000e+02
   4.7700000e+02
   4.8400000e+02
   4.8500000e+02
   4.6900000e+02
   4.7600000e+02
   4.6100000e+02
   4.7700000e+02
   4.6100000e+02
   4.5300000e+02
   4.5300000e+02
   4.6100000e+02
   4.6100000e+02
   4.5300000e+02
   4.6900000e+02
   4.5300000e+02
   4.7600000e+02
   4.6100000e+02
   4.8500000e+02
   4.7600000e+02
   4.9200000e+02
   4.8500000e+02
   4.9200000e+02
   4.7600000e+02
   4.8500000e+02
   4.6900000e+02
   4.6800000e+02
   4.6900000e+02
   4.6100000e+02
   4.7700000e+02
   4.5300000e+02
   4.7600000e+02
   4.6100000e+02
   4.6900000e+02
   4.6900000e+02
   4.6100000e+02
   4.6100000e+02
   4.5300000e+02
   4.6100000e+02
   4.5300000e+02
   4.6100000e+02
   4.5300000e+02
   4.5300000e+02
   4.6900000e+02
   4.6100000e+02
   4.9200000e+02
   4.8400000e+02
   4.9200000e+02
   4.8500000e+02
   5.0800000e+02
   5.0700000e+02
   4.8500000e+02
   5.0000000e+02
   4.7600000e+02
   4.8500000e+02
   4.7600000e+02
   4.7700000e+02
   4.7600000e+02
   4.8500000e+02
   5.0000000e+02
   4.9200000e+02
   4.9200000e+02
   4.9200000e+02
   4.7700000e+02
   4.9200000e+02
   4.6900000e+02
   4.7600000e+02
   4.5300000e+02
   4.7700000e+02
   4.7700000e+02
   4.9200000e+02
   4.9200000e+02
   4.9200000e+02
   5.0800000e+02
   4.9200000e+02
   5.1600000e+02
   5.1500000e+02
   4.9300000e+02
   5.0700000e+02
   5.1600000e+02
   5.1600000e+02
   5.1500000e+02
   5.3200000e+02
   5.0700000e+02
   5.0800000e+02
   4.7700000e+02
   4.7600000e+02
   4.8500000e+02
   4.7600000e+02
   4.9200000e+02
   4.8500000e+02
   4.8400000e+02
   4.7700000e+02
   4.6800000e+02
   4.6900000e+02
   4.6100000e+02
   4.6100000e+02
   4.6100000e+02
   4.6100000e+02
   4.6100000e+02
   4.6100000e+02
   4.8400000e+02
   4.7700000e+02
   4.6900000e+02
   4.8400000e+02
   4.6900000e+02
   4.9200000e+02
   4.6900000e+02
   4.6800000e+02
   4.7700000e+02
   4.5300000e+02
   4.6100000e+02
   4.5300000e+02
   4.5300000e+02
   4.6100000e+02
   4.4500000e+02
   4.4600000e+02
   4.5300000e+02
   4.5300000e+02
   4.6100000e+02
   4.5300000e+02
   4.3800000e+02
   4.3700000e+02
   4.3000000e+02
   4.2200000e+02
   4.2200000e+02
   4.3700000e+02
   4.3000000e+02
   4.2900000e+02
   4.4600000e+02
   4.3700000e+02
   4.3000000e+02
   4.5300000e+02
   4.4500000e+02
   4.6100000e+02
   4.7700000e+02
   4.6900000e+02
   5.0000000e+02
   5.0000000e+02
   5.2300000e+02
   4.9200000e+02
   5.2400000e+02
   4.9200000e+02
   4.9200000e+02
   4.9200000e+02
   5.0000000e+02
   5.0000000e+02
   4.8500000e+02
   5.0700000e+02
   4.9300000e+02
   4.6800000e+02
   4.9300000e+02
   4.6800000e+02
   4.7700000e+02
   4.7600000e+02
   5.0000000e+02
   4.9300000e+02
   5.3900000e+02
   5.3900000e+02
   5.0800000e+02
   5.2300000e+02
   5.1600000e+02
   5.3100000e+02
   5.2300000e+02
   5.3200000e+02
   5.3100000e+02
   7.3400000e+02
   5.9400000e+02
   5.7000000e+02
   5.3100000e+02
   5.3200000e+02
   5.0800000e+02
   5.0000000e+02
   5.1500000e+02
   5.1600000e+02
   5.0800000e+02
   5.0000000e+02
   5.2300000e+02
   5.0000000e+02
   5.0000000e+02
   4.8400000e+02
   4.9300000e+02
   4.9200000e+02
   5.1500000e+02
   4.9300000e+02
   5.3100000e+02
   5.2300000e+02
   5.9400000e+02
   5.7800000e+02
   6.1000000e+02
   5.4600000e+02
   5.7900000e+02
   5.3100000e+02
   5.3900000e+02
   5.0800000e+02
   5.1500000e+02
   5.1600000e+02
   5.1600000e+02
   5.2300000e+02
   5.2300000e+02
   5.2400000e+02
   5.1500000e+02
   5.3200000e+02
   5.2300000e+02
   5.6300000e+02
   5.5400000e+02
   5.3200000e+02
   5.0700000e+02
   5.1600000e+02
   5.1600000e+02
   4.9200000e+02
   5.0000000e+02
   5.0000000e+02
   5.0800000e+02
   5.3100000e+02
   5.3100000e+02
   6.0200000e+02
   5.3900000e+02
   5.3900000e+02
   5.2300000e+02
   5.0800000e+02
   5.0000000e+02
   4.9200000e+02
   4.7700000e+02
   5.0000000e+02
   4.9200000e+02
   5.0000000e+02
   4.9200000e+02
   4.7700000e+02
   4.6900000e+02
   4.9200000e+02
   4.7600000e+02
   4.5300000e+02
   4.6100000e+02
   4.5300000e+02
   4.4600000e+02
   4.4500000e+02
   4.3000000e+02
   4.3700000e+02
   4.2200000e+02
   4.3000000e+02
   4.6100000e+02
   4.6900000e+02
   4.6800000e+02
   4.6900000e+02
   4.6900000e+02
   4.7600000e+02
   4.8500000e+02
   4.6800000e+02
   4.9300000e+02
   4.8400000e+02
   4.9200000e+02
   5.2400000e+02
   5.0700000e+02
   5.0800000e+02
   4.9200000e+02
   5.0000000e+02
   4.9300000e+02
   4.7600000e+02
   4.6100000e+02
   4.7700000e+02
   4.6100000e+02
   4.5300000e+02
   4.4500000e+02
   4.3800000e+02
   4.5300000e+02
   4.4500000e+02
   4.6100000e+02
   4.6900000e+02
   4.7600000e+02
   5.0000000e+02
   5.1600000e+02
   5.2300000e+02
   5.3900000e+02
   5.3900000e+02
   5.0000000e+02
   5.4000000e+02
   5.2300000e+02
   5.5500000e+02
   5.3100000e+02
   5.7000000e+02
   5.5500000e+02
   5.1600000e+02
   5.2300000e+02
   5.2300000e+02
   5.3900000e+02
   5.3200000e+02
   5.5400000e+02
   5.2400000e+02
   5.0800000e+02
   5.0000000e+02
   4.7600000e+02
   4.9200000e+02
   4.7700000e+02
   4.6900000e+02
   4.8400000e+02
   4.7700000e+02
   4.6800000e+02
   4.7700000e+02
   4.8400000e+02
   5.2400000e+02
   4.9200000e+02
   5.3100000e+02
   5.0800000e+02
   4.8400000e+02
   4.7700000e+02
   4.9200000e+02
   4.6900000e+02
   4.9200000e+02
   4.7700000e+02
   4.8400000e+02
   4.7700000e+02
   4.9200000e+02
   4.8400000e+02
   4.8500000e+02
   4.7600000e+02
   4.9200000e+02
   4.6900000e+02
   4.9200000e+02
   4.9200000e+02
   4.6900000e+02
   4.8500000e+02
   4.6800000e+02
   4.6900000e+02
   4.7700000e+02
   4.6100000e+02
   4.4500000e+02
   4.4500000e+02
   4.4500000e+02
   4.6100000e+02
   4.7700000e+02
   4.6900000e+02
   4.5300000e+02
   4.5300000e+02
   4.3700000e+02
   4.4600000e+02
   4.2200000e+02
   4.2900000e+02
   4.2200000e+02
   4.3000000e+02
   4.1400000e+02
