   7.0400000e+02
   7.1000000e+02
   7.2700000e+02
   7.3400000e+02
   7.3500000e+02
   7.1900000e+02
   7.1000000e+02
   7.1900000e+02
   7.0300000e+02
   6.8800000e+02
   6.5600000e+02
   6.9500000e+02
   6.8000000e+02
   6.9500000e+02
   6.7200000e+02
   6.8800000e+02
   6.7200000e+02
   6.7900000e+02
   6.8800000e+02
   6.9500000e+02
   6.8000000e+02
   6.7200000e+02
   6.8700000e+02
   7.3500000e+02
   7.5700000e+02
   7.8900000e+02
   7.9000000e+02
   7.8100000e+02
   7.6500000e+02
   7.4300000e+02
   7.2600000e+02
   7.1100000e+02
   7.1900000e+02
   7.1900000e+02
   7.1800000e+02
   7.5000000e+02
   7.5000000e+02
   7.6600000e+02
   7.6600000e+02
   7.7300000e+02
   7.5800000e+02
   7.1100000e+02
   7.1900000e+02
   6.9500000e+02
   6.8000000e+02
   6.5600000e+02
   6.6400000e+02
   6.4000000e+02
   6.6500000e+02
   6.5600000e+02
   6.8700000e+02
   7.1900000e+02
   7.8100000e+02
   8.0500000e+02
   8.2800000e+02
   7.9700000e+02
   7.9700000e+02
   7.9700000e+02
   7.5000000e+02
   7.3400000e+02
   7.1900000e+02
   7.0300000e+02
   7.0300000e+02
   6.9500000e+02
   6.8000000e+02
   6.7200000e+02
   6.4100000e+02
   6.5600000e+02
   6.4800000e+02
   6.4900000e+02
   6.7200000e+02
   6.5600000e+02
   6.5600000e+02
   6.8000000e+02
   6.8700000e+02
   7.0300000e+02
   6.7200000e+02
   6.8800000e+02
   6.7900000e+02
   6.8000000e+02
   6.5600000e+02
   6.4900000e+02
   6.4000000e+02
   6.3300000e+02
   6.1700000e+02
   6.1800000e+02
   6.0900000e+02
   6.1700000e+02
   6.0200000e+02
   6.0900000e+02
   6.0200000e+02
   5.9300000e+02
   6.0200000e+02
   6.0200000e+02
   6.0100000e+02
   5.9400000e+02
   6.0100000e+02
   5.9400000e+02
   6.1000000e+02
   6.1700000e+02
   6.4800000e+02
   6.4100000e+02
   6.4000000e+02
   6.5700000e+02
   6.4000000e+02
   6.3300000e+02
   6.3300000e+02
   6.2500000e+02
   6.1700000e+02
   6.2500000e+02
   6.1000000e+02
   6.4800000e+02
   6.4100000e+02
   6.6400000e+02
   6.5600000e+02
   6.9500000e+02
   6.8000000e+02
   6.8000000e+02
   6.5600000e+02
   6.4800000e+02
   6.3300000e+02
   6.4100000e+02
   6.3300000e+02
   6.3200000e+02
   6.3300000e+02
   6.6400000e+02
   6.8800000e+02
   7.0300000e+02
   7.0300000e+02
   6.9500000e+02
   6.7200000e+02
   6.7200000e+02
   6.4800000e+02
   6.3300000e+02
   6.2500000e+02
   6.3300000e+02
   6.1700000e+02
   6.1700000e+02
   6.2500000e+02
   6.3300000e+02
   6.3300000e+02
   6.4900000e+02
   6.4800000e+02
   6.5600000e+02
   6.4900000e+02
   6.5600000e+02
   6.4800000e+02
   6.4900000e+02
   6.4800000e+02
   6.4900000e+02
   6.4000000e+02
   6.3300000e+02
   6.3300000e+02
   6.0900000e+02
   6.1000000e+02
   6.1700000e+02
   6.0100000e+02
   6.3300000e+02
   6.7200000e+02
   6.8000000e+02
   6.8700000e+02
   6.9600000e+02
   6.8700000e+02
   6.7200000e+02
   6.6400000e+02
   6.5600000e+02
   6.4900000e+02
   6.4000000e+02
   6.4100000e+02
   6.5600000e+02
   6.8000000e+02
   6.8700000e+02
   6.8000000e+02
   6.9500000e+02
   6.9600000e+02
   6.9500000e+02
   6.5600000e+02
   6.8000000e+02
   6.8000000e+02
   6.7900000e+02
   6.4100000e+02
   6.7200000e+02
   6.6400000e+02
   6.4800000e+02
   6.5700000e+02
   6.5600000e+02
   6.7200000e+02
   6.7900000e+02
   6.9600000e+02
   6.8700000e+02
   6.8000000e+02
   6.6400000e+02
   6.6400000e+02
   6.4100000e+02
   6.3200000e+02
   6.1000000e+02
   6.4000000e+02
   6.4100000e+02
   6.4100000e+02
   6.4800000e+02
   6.6400000e+02
   6.6400000e+02
   6.9600000e+02
   6.7900000e+02
   6.7200000e+02
   7.0300000e+02
   6.6400000e+02
   6.6400000e+02
   6.8000000e+02
   6.8800000e+02
   6.7100000e+02
   7.0400000e+02
   7.0300000e+02
   6.7900000e+02
   6.9600000e+02
   7.0300000e+02
   6.9500000e+02
   6.8800000e+02
   6.9500000e+02
   7.1900000e+02
   7.0300000e+02
   7.3400000e+02
   7.4200000e+02
   7.3500000e+02
   7.1900000e+02
   7.1000000e+02
   6.7200000e+02
   6.8000000e+02
   6.7200000e+02
   6.9500000e+02
   6.5600000e+02
   6.6500000e+02
   6.7100000e+02
   6.6400000e+02
   6.6500000e+02
   6.7100000e+02
   6.9600000e+02
   6.7900000e+02
   6.6400000e+02
   6.6500000e+02
   6.3200000e+02
   6.4900000e+02
   6.1700000e+02
   6.4100000e+02
   6.4800000e+02
   6.3300000e+02
   6.3300000e+02
   6.4000000e+02
   6.2500000e+02
   6.4100000e+02
   6.2500000e+02
   6.4800000e+02
   5.9400000e+02
   6.4900000e+02
   6.0100000e+02
   6.0900000e+02
   5.8600000e+02
   6.4900000e+02
   6.2500000e+02
   6.4800000e+02
   6.1700000e+02
   6.2500000e+02
   6.4100000e+02
   6.4100000e+02
   6.4800000e+02
   6.1700000e+02
   6.4900000e+02
   6.4000000e+02
   6.2500000e+02
   6.1800000e+02
   6.3200000e+02
   5.9400000e+02
   6.0200000e+02
   6.1700000e+02
   6.0100000e+02
   6.1000000e+02
   5.9400000e+02
   6.0100000e+02
   5.8600000e+02
   6.0900000e+02
   5.8600000e+02
   6.0200000e+02
   6.0200000e+02
   5.9300000e+02
   6.0200000e+02
   6.0900000e+02
   6.0200000e+02
   6.0100000e+02
   5.7800000e+02
   5.9400000e+02
   5.8600000e+02
   6.1700000e+02
   5.6300000e+02
   5.8600000e+02
   5.8600000e+02
   5.9300000e+02
   5.8600000e+02
   5.8600000e+02
   5.9400000e+02
   6.0200000e+02
   6.0100000e+02
   6.1000000e+02
   5.7800000e+02
   6.2500000e+02
   5.9300000e+02
   6.0200000e+02
   6.1700000e+02
   5.9400000e+02
   6.0900000e+02
   5.8600000e+02
   6.1700000e+02
   5.7900000e+02
   5.7000000e+02
   5.8600000e+02
   5.7800000e+02
   6.0900000e+02
   5.7100000e+02
   6.0900000e+02
   5.9400000e+02
   6.0100000e+02
   6.6400000e+02
   5.9400000e+02
   6.2500000e+02
   6.3300000e+02
   6.2500000e+02
   5.9400000e+02
   6.1700000e+02
   6.0100000e+02
   5.9400000e+02
   5.9400000e+02
   6.0900000e+02
   5.9400000e+02
   6.0200000e+02
   6.0900000e+02
   5.8600000e+02
   5.9400000e+02
   5.6200000e+02
   5.7800000e+02
   5.7100000e+02
   5.7000000e+02
   5.7800000e+02
   5.6300000e+02
   5.7800000e+02
   5.7800000e+02
   5.8600000e+02
   5.7000000e+02
   5.9400000e+02
   5.6200000e+02
   5.7800000e+02
   5.8600000e+02
   5.7100000e+02
   5.7900000e+02
   5.7800000e+02
   5.4700000e+02
   5.7000000e+02
   5.6200000e+02
   5.8600000e+02
   5.7100000e+02
   5.5400000e+02
   5.7800000e+02
   5.6300000e+02
   5.7800000e+02
   6.0900000e+02
   5.6300000e+02
   5.9400000e+02
   6.0900000e+02
   5.7800000e+02
   5.8600000e+02
   5.8600000e+02
   5.7800000e+02
   5.9400000e+02
   5.8600000e+02
   5.8600000e+02
   5.8600000e+02
   5.8600000e+02
   5.7800000e+02
   5.9400000e+02
   5.9400000e+02
   6.0100000e+02
   5.7800000e+02
   6.0200000e+02
   6.2500000e+02
   5.9400000e+02
   5.7000000e+02
   5.7800000e+02
   6.0200000e+02
   6.0900000e+02
   6.0200000e+02
   6.1700000e+02
   5.7000000e+02
   6.1700000e+02
   6.0200000e+02
   6.0100000e+02
   6.1000000e+02
   6.0900000e+02
   6.0200000e+02
   6.1700000e+02
   5.9400000e+02
   6.0100000e+02
   6.1000000e+02
   6.0100000e+02
   5.9400000e+02
   6.0900000e+02
   6.2500000e+02
   5.8600000e+02
   6.1700000e+02
   5.9400000e+02
   5.9400000e+02
   6.0900000e+02
   6.1000000e+02
   5.9300000e+02
   6.1000000e+02
   5.7000000e+02
   5.7000000e+02
   5.7800000e+02
   5.9400000e+02
   5.8600000e+02
   5.8600000e+02
   5.9400000e+02
   5.9400000e+02
   5.9300000e+02
   5.7800000e+02
   5.8600000e+02
   6.0200000e+02
   5.6200000e+02
   5.9400000e+02
   6.0200000e+02
   5.9400000e+02
   6.0100000e+02
   5.9400000e+02
   6.0100000e+02
   6.0200000e+02
   6.0200000e+02
   5.9300000e+02
   6.1000000e+02
   5.9300000e+02
   6.1800000e+02
   6.0100000e+02
   5.7000000e+02
   5.9400000e+02
   6.0200000e+02
   5.7000000e+02
   5.9400000e+02
   6.0900000e+02
   6.2500000e+02
   5.9400000e+02
   6.2500000e+02
   6.0900000e+02
   6.1800000e+02
   6.2500000e+02
   6.2500000e+02
   6.0900000e+02
   6.2500000e+02
   6.0100000e+02
   5.7100000e+02
   5.8600000e+02
   6.1700000e+02
   5.6200000e+02
   6.0200000e+02
   5.7800000e+02
   5.9400000e+02
   6.1700000e+02
   6.1700000e+02
   6.2500000e+02
   6.1700000e+02
   6.2500000e+02
   6.3300000e+02
   6.0900000e+02
   6.3300000e+02
   6.3300000e+02
   6.0900000e+02
   6.0200000e+02
   6.0900000e+02
   6.1000000e+02
   6.0900000e+02
   6.1000000e+02
   6.2500000e+02
   6.0900000e+02
   6.3300000e+02
   6.0100000e+02
   6.2500000e+02
   6.1700000e+02
   6.0200000e+02
   6.0200000e+02
   5.7800000e+02
   6.2500000e+02
   5.7000000e+02
   6.0200000e+02
   6.0900000e+02
   6.0200000e+02
   6.1700000e+02
   6.2500000e+02
   6.2500000e+02
   6.2500000e+02
   6.2500000e+02
   6.0100000e+02
   6.0200000e+02
   5.7800000e+02
   5.7800000e+02
   5.9400000e+02
   5.9400000e+02
   5.9300000e+02
   5.8600000e+02
   6.0200000e+02
   6.1700000e+02
   6.1700000e+02
   6.0200000e+02
   6.1700000e+02
   6.2500000e+02
   5.8600000e+02
   6.0900000e+02
   6.0200000e+02
   6.0100000e+02
   6.0200000e+02
   6.2500000e+02
   6.0200000e+02
   6.1700000e+02
   6.1700000e+02
   6.0900000e+02
   6.0200000e+02
   6.0900000e+02
   6.1000000e+02
   5.7800000e+02
   6.0100000e+02
   6.1000000e+02
   5.7800000e+02
   6.0100000e+02
   5.9400000e+02
   5.7800000e+02
   6.2500000e+02
   5.7800000e+02
   5.9400000e+02
   6.0900000e+02
   5.9400000e+02
   6.1700000e+02
   5.9400000e+02
   5.8600000e+02
   5.8600000e+02
   6.0200000e+02
   6.0900000e+02
   5.7000000e+02
   5.9400000e+02
   5.8600000e+02
   5.9400000e+02
   5.7800000e+02
   6.0100000e+02
   5.8600000e+02
   6.0200000e+02
   6.0100000e+02
   6.1000000e+02
   6.0900000e+02
   6.0200000e+02
   6.0100000e+02
   5.9400000e+02
   5.9400000e+02
   6.0100000e+02
   6.0200000e+02
   5.7800000e+02
   6.0100000e+02
   5.6300000e+02
   5.8600000e+02
   5.7800000e+02
   5.8600000e+02
   5.7800000e+02
   6.0100000e+02
   5.8600000e+02
   5.8600000e+02
   6.0200000e+02
   6.0100000e+02
   5.8600000e+02
   6.0200000e+02
   6.0200000e+02
   5.9300000e+02
   5.8600000e+02
   5.9400000e+02
   5.9400000e+02
   5.9300000e+02
   5.8600000e+02
   6.1800000e+02
   5.7800000e+02
   5.7800000e+02
   5.7800000e+02
   6.0900000e+02
   5.7800000e+02
   5.8600000e+02
   5.9400000e+02
   5.8600000e+02
   5.9400000e+02
   5.9400000e+02
   6.0900000e+02
   6.0900000e+02
   5.7100000e+02
   5.8600000e+02
   6.0900000e+02
   5.7000000e+02
   5.7800000e+02
   6.0200000e+02
   5.7800000e+02
   5.9400000e+02
   5.8600000e+02
   5.9400000e+02
   5.8500000e+02
   6.0200000e+02
   6.0200000e+02
   6.2500000e+02
   5.7800000e+02
   5.8600000e+02
   6.0900000e+02
   6.0200000e+02
   5.8600000e+02
   5.9300000e+02
   5.8600000e+02
   5.8600000e+02
   5.8600000e+02
   5.9400000e+02
   5.8600000e+02
   5.8600000e+02
   5.9300000e+02
   5.8600000e+02
   6.0200000e+02
   5.9400000e+02
   6.0100000e+02
   6.0200000e+02
   6.0100000e+02
   5.8600000e+02
   5.8600000e+02
   5.5500000e+02
   5.5500000e+02
   5.3900000e+02
   5.3100000e+02
   5.4700000e+02
   5.4700000e+02
   5.9300000e+02
   6.2500000e+02
   6.4100000e+02
   6.3300000e+02
   6.4800000e+02
   6.6400000e+02
   6.7200000e+02
   6.6400000e+02
   6.4900000e+02
   6.4800000e+02
   6.1000000e+02
   5.7800000e+02
   5.9300000e+02
   5.8600000e+02
   5.7900000e+02
   5.9300000e+02
   5.7800000e+02
   5.7100000e+02
   6.0100000e+02
   5.6300000e+02
   5.7000000e+02
   5.7800000e+02
   5.7000000e+02
   5.7100000e+02
   5.6200000e+02
   5.8600000e+02
   5.8600000e+02
   5.7800000e+02
   5.8600000e+02
   5.6300000e+02
   5.7800000e+02
   5.9400000e+02
   5.8500000e+02
   5.8600000e+02
   6.0200000e+02
   5.9400000e+02
   5.7800000e+02
   5.9400000e+02
   5.9300000e+02
   5.9400000e+02
   5.7800000e+02
   6.0200000e+02
   5.7800000e+02
   5.8600000e+02
   6.0900000e+02
   5.9400000e+02
   6.0200000e+02
   5.8500000e+02
   6.0200000e+02
   5.9400000e+02
   6.0100000e+02
   5.9400000e+02
   6.0200000e+02
   6.0100000e+02
   5.8600000e+02
   5.7800000e+02
   5.8600000e+02
   5.8600000e+02
   5.8600000e+02
   5.7800000e+02
   5.7800000e+02
   5.8600000e+02
   5.8600000e+02
   5.7800000e+02
   5.8600000e+02
   5.8600000e+02
   5.8600000e+02
   5.8600000e+02
   6.0200000e+02
   5.8600000e+02
   5.9300000e+02
   5.9400000e+02
   5.9400000e+02
   5.8600000e+02
   6.0100000e+02
   5.9400000e+02
   5.7800000e+02
   5.8600000e+02
   5.9400000e+02
   5.8600000e+02
   6.0900000e+02
   5.9400000e+02
   6.0200000e+02
   5.8500000e+02
   5.9400000e+02
   5.9400000e+02
   5.9400000e+02
   5.9300000e+02
   5.9400000e+02
   5.8600000e+02
   5.9400000e+02
   6.0100000e+02
   6.2500000e+02
   5.8600000e+02
   6.2500000e+02
   6.1800000e+02
   6.0100000e+02
   6.0200000e+02
   6.0900000e+02
   6.0900000e+02
   6.0200000e+02
   6.0200000e+02
   6.0900000e+02
   5.9400000e+02
   5.9300000e+02
   6.1000000e+02
   6.0900000e+02
   6.1700000e+02
   5.8600000e+02
   6.0200000e+02
   6.0100000e+02
   5.8600000e+02
   5.9400000e+02
   5.9400000e+02
   5.8600000e+02
   5.9400000e+02
   5.9300000e+02
   6.0200000e+02
   5.8600000e+02
   6.0100000e+02
   6.1000000e+02
   5.8600000e+02
   5.9400000e+02
   5.9300000e+02
   5.8600000e+02
   6.0200000e+02
   5.9400000e+02
   5.7800000e+02
   6.0900000e+02
   6.0200000e+02
   5.9400000e+02
   5.8500000e+02
   5.9400000e+02
   5.8600000e+02
   6.0200000e+02
   5.8600000e+02
   6.1700000e+02
   5.6200000e+02
   5.8600000e+02
   5.9400000e+02
   6.1700000e+02
   5.7800000e+02
   6.1000000e+02
   6.0900000e+02
   6.0900000e+02
   5.9400000e+02
   6.2500000e+02
   6.0200000e+02
   6.0100000e+02
   6.1000000e+02
   5.7800000e+02
   6.0100000e+02
   5.9400000e+02
   5.9400000e+02
   5.7000000e+02
   5.9400000e+02
   5.8600000e+02
   6.0100000e+02
   6.1000000e+02
   5.7800000e+02
   5.8600000e+02
   5.7800000e+02
   5.7800000e+02
   5.6300000e+02
   5.7800000e+02
   5.8600000e+02
   5.9300000e+02
   5.5500000e+02
   5.7800000e+02
   5.7800000e+02
   5.7100000e+02
   5.8600000e+02
   6.1700000e+02
   5.7800000e+02
   5.8600000e+02
   6.1700000e+02
   6.0900000e+02
   6.1800000e+02
   6.1700000e+02
   6.3300000e+02
   6.0100000e+02
   6.1000000e+02
   6.2500000e+02
   6.0900000e+02
   5.9400000e+02
   5.9300000e+02
   6.0200000e+02
   6.0200000e+02
   5.7800000e+02
   6.0100000e+02
   5.8600000e+02
   5.7800000e+02
   5.8600000e+02
   5.8600000e+02
   5.7100000e+02
   5.8500000e+02
   6.0200000e+02
   5.7000000e+02
   5.7800000e+02
   5.7900000e+02
   5.8600000e+02
   5.8500000e+02
   5.9400000e+02
   6.0200000e+02
   5.6200000e+02
   5.7800000e+02
   5.8600000e+02
   5.9400000e+02
   5.7000000e+02
   5.9400000e+02
   6.0200000e+02
   5.9300000e+02
   5.6300000e+02
   5.7800000e+02
   5.9400000e+02
   5.7000000e+02
   5.7000000e+02
   5.7800000e+02
   5.9400000e+02
   5.5500000e+02
   5.7000000e+02
   5.8600000e+02
   5.6300000e+02
   5.7000000e+02
   5.7000000e+02
   5.6300000e+02
   5.7800000e+02
   5.7000000e+02
   5.7800000e+02
   5.7100000e+02
   5.7000000e+02
   5.7000000e+02
   5.4700000e+02
   5.6300000e+02
   5.7000000e+02
   5.7800000e+02
   5.3100000e+02
   5.7100000e+02
   5.7000000e+02
   5.6200000e+02
   5.7100000e+02
   5.4700000e+02
   5.7000000e+02
   5.6200000e+02
   5.7800000e+02
   5.6300000e+02
   5.6200000e+02
   5.7100000e+02
   5.7000000e+02
   5.6300000e+02
   5.6200000e+02
   5.7800000e+02
   5.6300000e+02
   5.7000000e+02
   5.7000000e+02
   6.0200000e+02
   5.5500000e+02
   5.6200000e+02
   5.6300000e+02
   5.6200000e+02
   5.6300000e+02
   5.6200000e+02
   5.5500000e+02
   5.7000000e+02
   5.6300000e+02
   5.3900000e+02
   5.6200000e+02
   5.4700000e+02
   5.6300000e+02
   5.7000000e+02
   5.7000000e+02
   5.6300000e+02
   5.5400000e+02
   5.6300000e+02
   5.3100000e+02
   5.5500000e+02
   5.3900000e+02
   5.3900000e+02
   5.4700000e+02
   5.2300000e+02
   5.1600000e+02
   5.3100000e+02
   5.1600000e+02
   5.3900000e+02
   5.3900000e+02
   5.3100000e+02
   5.1600000e+02
   5.3100000e+02
   5.3100000e+02
   5.3100000e+02
   5.4000000e+02
   5.5400000e+02
   5.0000000e+02
   5.3900000e+02
   5.2400000e+02
   5.3900000e+02
   5.3900000e+02
   5.3100000e+02
   5.6300000e+02
   5.1500000e+02
   5.6300000e+02
   5.3900000e+02
   5.8600000e+02
   5.3100000e+02
   5.5500000e+02
   5.7000000e+02
   5.6200000e+02
   5.6300000e+02
   5.7000000e+02
   5.7100000e+02
   5.4600000e+02
   5.4700000e+02
   5.5500000e+02
   5.5500000e+02
   5.3900000e+02
   5.3900000e+02
   5.6200000e+02
   5.3200000e+02
   5.3900000e+02
   5.5400000e+02
   5.4700000e+02
   5.4700000e+02
   5.6300000e+02
   5.4600000e+02
   5.5500000e+02
   5.5500000e+02
   5.4700000e+02
   5.7800000e+02
   5.2300000e+02
   5.5500000e+02
   5.4700000e+02
   5.6200000e+02
   5.2400000e+02
   5.4700000e+02
   5.7000000e+02
   5.3900000e+02
   5.6300000e+02
   5.7000000e+02
   5.3900000e+02
   5.5500000e+02
   5.4600000e+02
   5.4700000e+02
   5.4700000e+02
   5.4700000e+02
   5.3900000e+02
   5.3900000e+02
   5.6300000e+02
   5.4700000e+02
   5.5400000e+02
   5.6300000e+02
   5.8600000e+02
   5.3900000e+02
   5.6200000e+02
   5.7100000e+02
   5.6200000e+02
   5.7000000e+02
   5.7900000e+02
   5.7000000e+02
   5.7800000e+02
   5.7000000e+02
   5.9400000e+02
   5.5500000e+02
   5.7000000e+02
   5.7000000e+02
   5.6300000e+02
   5.7800000e+02
   5.4700000e+02
   5.7000000e+02
   5.7000000e+02
   5.5500000e+02
   5.6300000e+02
   5.3900000e+02
   5.6200000e+02
   5.5500000e+02
   5.6200000e+02
   5.7100000e+02
   5.3900000e+02
   5.6200000e+02
   5.5500000e+02
   5.5500000e+02
   5.5400000e+02
   5.3900000e+02
   5.3900000e+02
   5.4700000e+02
   5.4700000e+02
   5.3100000e+02
   5.4700000e+02
   5.4700000e+02
   5.6300000e+02
   5.5400000e+02
   5.5500000e+02
   5.7800000e+02
   5.6300000e+02
   5.7000000e+02
   5.7800000e+02
   5.7800000e+02
   5.7800000e+02
   5.7100000e+02
   5.7800000e+02
   5.6200000e+02
   5.6300000e+02
   5.6200000e+02
   5.5500000e+02
   5.6300000e+02
   5.6200000e+02
   5.7800000e+02
   5.6300000e+02
   5.8600000e+02
   5.5400000e+02
   5.6300000e+02
   5.5400000e+02
   5.6300000e+02
   5.6200000e+02
   5.7900000e+02
   5.7800000e+02
   5.9300000e+02
   5.6300000e+02
   5.4700000e+02
   5.6200000e+02
   5.6300000e+02
   5.7000000e+02
   5.6300000e+02
   5.7800000e+02
   5.7000000e+02
   5.7800000e+02
   5.8600000e+02
   5.7800000e+02
   5.7100000e+02
   5.7000000e+02
   5.8600000e+02
   5.6300000e+02
   5.6200000e+02
   5.7800000e+02
   5.3900000e+02
   5.5500000e+02
   5.6300000e+02
   5.6200000e+02
   5.6300000e+02
   5.4600000e+02
   5.4700000e+02
   5.5500000e+02
   5.5500000e+02
   5.6200000e+02
   5.6300000e+02
   5.6200000e+02
   5.3900000e+02
   5.6300000e+02
   5.4700000e+02
   5.4700000e+02
   5.3100000e+02
   5.3900000e+02
   5.5500000e+02
   5.5400000e+02
   5.3900000e+02
   5.5500000e+02
   5.7800000e+02
   5.6300000e+02
   5.3900000e+02
   5.6200000e+02
   5.5500000e+02
   5.4700000e+02
   5.4000000e+02
   5.5400000e+02
   5.5500000e+02
   5.6200000e+02
   5.7900000e+02
   5.3100000e+02
   5.7000000e+02
   5.6300000e+02
   5.5400000e+02
   5.7100000e+02
   5.6200000e+02
   5.6300000e+02
   5.3900000e+02
   5.5400000e+02
   5.4700000e+02
   5.5500000e+02
   5.2300000e+02
   5.4700000e+02
   5.4700000e+02
   5.4700000e+02
   5.3900000e+02
   5.4700000e+02
   5.3900000e+02
   5.5500000e+02
   5.7000000e+02
   5.7000000e+02
   5.7100000e+02
   5.2300000e+02
   5.7000000e+02
   5.9400000e+02
   6.0200000e+02
   5.7000000e+02
   5.7800000e+02
   5.7800000e+02
   5.8600000e+02
   5.6300000e+02
   5.5400000e+02
   5.7800000e+02
   5.9400000e+02
   5.7100000e+02
   5.5400000e+02
   5.7800000e+02
   5.7100000e+02
   5.7800000e+02
   5.7000000e+02
   5.6300000e+02
   5.9300000e+02
   5.5500000e+02
   5.7000000e+02
   5.7800000e+02
   5.6300000e+02
   5.7800000e+02
   5.7000000e+02
   5.8600000e+02
   5.5500000e+02
   5.6300000e+02
   5.6200000e+02
   5.6300000e+02
   5.6200000e+02
   5.7000000e+02
   5.4700000e+02
   5.5500000e+02
   5.7000000e+02
   5.6300000e+02
   5.5400000e+02
   5.7100000e+02
   5.6200000e+02
   5.6300000e+02
   5.8600000e+02
   5.4700000e+02
   5.7000000e+02
   5.6200000e+02
   5.7100000e+02
   5.7800000e+02
   5.7800000e+02
   5.8600000e+02
   5.7800000e+02
   6.0200000e+02
   5.4600000e+02
   6.0200000e+02
   5.6200000e+02
   5.7900000e+02
   5.7000000e+02
   5.7800000e+02
   5.7800000e+02
   5.8600000e+02
   6.0900000e+02
   5.6300000e+02
   5.9400000e+02
   5.9300000e+02
   6.1000000e+02
   5.7000000e+02
   5.9400000e+02
   5.7000000e+02
   5.7800000e+02
   5.9400000e+02
   5.7800000e+02
   5.4700000e+02
   5.8600000e+02
   5.5500000e+02
   5.7800000e+02
   5.5500000e+02
   5.6200000e+02
   5.6300000e+02
   5.7000000e+02
   5.4700000e+02
   5.4700000e+02
   5.4600000e+02
   5.4700000e+02
   5.4700000e+02
   5.5500000e+02
   5.6200000e+02
   5.4700000e+02
   5.7800000e+02
   5.7100000e+02
   5.4700000e+02
   5.7800000e+02
   5.6200000e+02
   5.6300000e+02
   5.9300000e+02
   5.4700000e+02
   5.6300000e+02
   5.9400000e+02
   5.7100000e+02
   5.4600000e+02
   5.6300000e+02
   5.6200000e+02
   5.4700000e+02
   5.5500000e+02
   5.4700000e+02
   5.4700000e+02
   5.6200000e+02
   5.4700000e+02
   5.5500000e+02
   5.6200000e+02
   5.7100000e+02
   5.6200000e+02
   5.7000000e+02
   5.6300000e+02
   5.5500000e+02
   5.5400000e+02
   5.4700000e+02
   5.7100000e+02
   5.6200000e+02
   5.7000000e+02
   5.7800000e+02
   5.7100000e+02
   5.6200000e+02
   5.7100000e+02
   5.7800000e+02
   5.7000000e+02
   5.7000000e+02
   5.7800000e+02
   5.7900000e+02
   5.7000000e+02
   5.7000000e+02
   5.7100000e+02
   5.7000000e+02
   5.6200000e+02
   5.6300000e+02
   5.6200000e+02
   5.6300000e+02
   5.5500000e+02
   5.6200000e+02
   5.7000000e+02
   5.6300000e+02
   5.4700000e+02
   5.4700000e+02
   5.6200000e+02
   5.5500000e+02
   5.6200000e+02
   5.5500000e+02
   5.6200000e+02
   5.6300000e+02
   5.6200000e+02
   5.6300000e+02
   5.5500000e+02
   5.6200000e+02
   5.7000000e+02
   5.5500000e+02
   5.7000000e+02
   5.6300000e+02
   5.7800000e+02
   5.6200000e+02
   5.7900000e+02
   5.3100000e+02
   5.7000000e+02
   5.6300000e+02
   5.7000000e+02
   5.7000000e+02
   5.5500000e+02
   5.9400000e+02
   5.5400000e+02
   5.5500000e+02
   5.8600000e+02
   5.3900000e+02
   5.6300000e+02
   5.6200000e+02
   5.7800000e+02
   5.7800000e+02
   5.7100000e+02
   5.7000000e+02
   5.5500000e+02
   5.7000000e+02
   5.6200000e+02
   5.6300000e+02
   5.6200000e+02
   5.7900000e+02
   5.5400000e+02
   5.7100000e+02
   5.7000000e+02
   5.7000000e+02
   5.9400000e+02
   5.6200000e+02
   5.4700000e+02
   5.9400000e+02
   5.3100000e+02
   5.7100000e+02
   5.6200000e+02
   5.5500000e+02
   5.5500000e+02
   5.4600000e+02
   5.7100000e+02
   5.5400000e+02
   5.6300000e+02
   5.6200000e+02
   5.5500000e+02
   5.5500000e+02
   5.6200000e+02
   5.8600000e+02
   5.3900000e+02
   5.7100000e+02
   5.7800000e+02
   5.7800000e+02
   5.7800000e+02
   5.7800000e+02
   5.7800000e+02
   5.6300000e+02
   5.7800000e+02
   5.7000000e+02
   5.8600000e+02
   5.5500000e+02
   5.7800000e+02
   5.7000000e+02
   5.7800000e+02
   5.7100000e+02
   5.6200000e+02
   5.5500000e+02
   5.6200000e+02
   5.6300000e+02
   5.6200000e+02
   5.6300000e+02
   5.6200000e+02
   5.7100000e+02
   5.6200000e+02
   5.7000000e+02
   5.7900000e+02
   5.7800000e+02
   6.0100000e+02
   5.3900000e+02
   5.7100000e+02
   5.6200000e+02
   5.7000000e+02
   5.4700000e+02
   5.7100000e+02
   5.7000000e+02
   5.8600000e+02
   5.7000000e+02
   5.7800000e+02
   5.8600000e+02
   5.7800000e+02
   5.5500000e+02
   5.7800000e+02
   5.6300000e+02
   5.7000000e+02
   5.7800000e+02
   5.7900000e+02
   5.7000000e+02
   5.7000000e+02
   5.7100000e+02
   6.0900000e+02
   5.2300000e+02
   5.7800000e+02
   5.6300000e+02
   5.7000000e+02
   5.7800000e+02
   5.7900000e+02
   5.7000000e+02
   5.7000000e+02
   5.8600000e+02
   5.5500000e+02
   5.7000000e+02
   5.7000000e+02
   5.6300000e+02
   5.7000000e+02
   5.5500000e+02
   5.5500000e+02
   5.4600000e+02
   5.6300000e+02
   5.6200000e+02
   5.6300000e+02
   5.8600000e+02
   5.4700000e+02
   5.7000000e+02
   5.7000000e+02
   5.7100000e+02
   5.5400000e+02
   5.5500000e+02
   5.6300000e+02
   5.3900000e+02
   5.5400000e+02
   5.4700000e+02
   5.3900000e+02
   5.4700000e+02
   5.6300000e+02
   5.2300000e+02
   5.4700000e+02
   5.3900000e+02
   5.3900000e+02
   5.3100000e+02
   5.4700000e+02
   5.5500000e+02
   5.4700000e+02
   5.4700000e+02
   5.4700000e+02
   5.4600000e+02
   5.4700000e+02
   5.3900000e+02
   5.5500000e+02
   5.5500000e+02
   5.4700000e+02
   5.4600000e+02
   5.5500000e+02
   5.4700000e+02
   5.4700000e+02
   5.6200000e+02
   5.1600000e+02
   5.5500000e+02
   5.3100000e+02
   5.3900000e+02
   5.7800000e+02
   5.6300000e+02
   5.3900000e+02
   5.4700000e+02
   5.5400000e+02
   5.7800000e+02
   5.5500000e+02
   5.7800000e+02
   5.7000000e+02
   5.9400000e+02
   5.7800000e+02
   5.5500000e+02
   5.8500000e+02
   5.7900000e+02
   5.7800000e+02
   5.8600000e+02
   5.8600000e+02
   5.7800000e+02
   5.9300000e+02
   5.7900000e+02
   5.7800000e+02
   5.9300000e+02
   5.7900000e+02
   5.9300000e+02
   5.7800000e+02
   5.8600000e+02
   5.7800000e+02
   5.9400000e+02
   5.7000000e+02
   5.5500000e+02
   5.5400000e+02
   5.6300000e+02
   5.6200000e+02
   5.7100000e+02
   5.7800000e+02
   5.7000000e+02
   5.6200000e+02
   5.7100000e+02
   5.7000000e+02
   5.6200000e+02
   5.7900000e+02
   5.5400000e+02
   5.5500000e+02
   5.6200000e+02
   5.7100000e+02
   5.7000000e+02
   5.8600000e+02
   5.5500000e+02
   5.7000000e+02
   5.6300000e+02
   5.7000000e+02
   5.5500000e+02
   5.3900000e+02
   5.8600000e+02
   5.8600000e+02
   6.0100000e+02
   6.1000000e+02
   6.1700000e+02
   6.1700000e+02
   5.9400000e+02
   6.0900000e+02
   5.9400000e+02
   6.0100000e+02
   5.9400000e+02
   6.0200000e+02
   5.9300000e+02
   5.7900000e+02
   5.7800000e+02
   5.7800000e+02
   5.7000000e+02
   5.7800000e+02
   5.9400000e+02
   5.8600000e+02
   5.7800000e+02
   5.9400000e+02
   5.8600000e+02
   5.9400000e+02
   5.8500000e+02
   5.8600000e+02
   5.7900000e+02
   5.8500000e+02
   5.7900000e+02
   5.7800000e+02
   5.7000000e+02
   5.7000000e+02
   5.7800000e+02
   5.7100000e+02
   5.7000000e+02
   5.7000000e+02
   5.5500000e+02
   5.5500000e+02
   5.5400000e+02
   5.5500000e+02
   5.4700000e+02
   5.5500000e+02
   5.4700000e+02
   5.3100000e+02
   5.4700000e+02
   5.3900000e+02
   5.3900000e+02
   5.3100000e+02
   5.2400000e+02
   5.3900000e+02
   5.3100000e+02
   5.6200000e+02
   5.1600000e+02
   5.3100000e+02
   5.4700000e+02
   5.1600000e+02
   5.3900000e+02
   5.4700000e+02
   5.3900000e+02
   5.3900000e+02
   5.2300000e+02
   5.4700000e+02
   5.3100000e+02
   5.3200000e+02
   5.6200000e+02
   5.6300000e+02
   6.0100000e+02
   6.2500000e+02
   6.2500000e+02
   6.1700000e+02
   6.2500000e+02
   6.3300000e+02
   6.0200000e+02
   6.2500000e+02
   5.7000000e+02
   5.9400000e+02
   6.0900000e+02
   5.7000000e+02
   5.7100000e+02
   5.8600000e+02
   6.0900000e+02
   5.6300000e+02
   5.7800000e+02
   5.9300000e+02
   6.1000000e+02
   6.1700000e+02
   6.0200000e+02
   6.1700000e+02
   6.4800000e+02
   6.4100000e+02
   6.0900000e+02
   6.5600000e+02
   6.0200000e+02
   6.2500000e+02
   6.2500000e+02
   6.1700000e+02
   6.1700000e+02
   6.1800000e+02
   6.0900000e+02
   6.0900000e+02
   6.1800000e+02
   6.0100000e+02
   5.9400000e+02
   6.0900000e+02
   6.1700000e+02
   6.3300000e+02
   6.5600000e+02
   5.9400000e+02
   6.2500000e+02
   6.1700000e+02
   6.1800000e+02
   6.0900000e+02
   6.2500000e+02
   6.0900000e+02
   6.4100000e+02
   6.8000000e+02
   6.9500000e+02
   7.1100000e+02
   6.9500000e+02
   6.8800000e+02
   6.4800000e+02
   6.5600000e+02
   6.3300000e+02
   6.4900000e+02
   6.0900000e+02
   6.3300000e+02
   6.2500000e+02
   6.1700000e+02
   6.3300000e+02
   6.3300000e+02
   6.3200000e+02
   6.4100000e+02
   6.2500000e+02
   6.3300000e+02
   6.4800000e+02
   6.3300000e+02
   6.3300000e+02
   6.5600000e+02
   6.6400000e+02
   6.2500000e+02
   6.4100000e+02
   6.6400000e+02
   6.1700000e+02
   6.2500000e+02
   6.2500000e+02
   6.4900000e+02
   5.9300000e+02
   6.1800000e+02
   6.4000000e+02
   6.2500000e+02
   6.1000000e+02
   6.2500000e+02
   6.4000000e+02
   6.4100000e+02
   6.4000000e+02
   6.4900000e+02
   6.5600000e+02
   6.4100000e+02
   6.4800000e+02
   6.4900000e+02
   6.4800000e+02
   6.4100000e+02
   6.5600000e+02
   6.3300000e+02
   6.5600000e+02
   6.5600000e+02
   6.5600000e+02
   6.5700000e+02
   6.5600000e+02
   6.4100000e+02
   6.5600000e+02
   6.5600000e+02
   6.6400000e+02
   6.5600000e+02
   6.5700000e+02
   6.5600000e+02
   6.5600000e+02
   6.4900000e+02
   6.4800000e+02
   6.5600000e+02
   6.6400000e+02
   6.4900000e+02
   6.5600000e+02
   6.5600000e+02
   6.5700000e+02
   6.4800000e+02
   6.3300000e+02
   6.2500000e+02
   6.0900000e+02
   6.2500000e+02
   6.2500000e+02
   6.4900000e+02
   6.4000000e+02
   6.4900000e+02
   6.4800000e+02
   6.4900000e+02
   6.4000000e+02
   6.4900000e+02
   6.4000000e+02
   6.3300000e+02
   6.3300000e+02
   6.2500000e+02
   6.2500000e+02
   6.3300000e+02
   6.3200000e+02
   6.4100000e+02
   6.4100000e+02
   6.5600000e+02
   6.5600000e+02
   6.5600000e+02
   6.5700000e+02
   6.4000000e+02
   6.4100000e+02
   6.4100000e+02
   6.4800000e+02
   6.3300000e+02
   6.4800000e+02
   6.4100000e+02
   6.4800000e+02
   6.3300000e+02
   6.5600000e+02
   6.4900000e+02
   6.4800000e+02
   6.4900000e+02
   6.5600000e+02
   6.4800000e+02
   6.5700000e+02
   6.4000000e+02
   6.4900000e+02
   6.4000000e+02
   6.4100000e+02
   6.4100000e+02
   6.4000000e+02
   6.4100000e+02
   6.4000000e+02
   6.2500000e+02
   6.4900000e+02
   6.3300000e+02
   6.4000000e+02
   6.5700000e+02
   6.4800000e+02
   6.3300000e+02
   6.2500000e+02
   6.3300000e+02
   6.4000000e+02
   6.4900000e+02
   6.6400000e+02
   6.7200000e+02
   6.7200000e+02
   6.6400000e+02
   6.5600000e+02
   6.4800000e+02
   6.4100000e+02
   6.3300000e+02
   6.2500000e+02
   6.2500000e+02
   6.0100000e+02
   6.2500000e+02
   6.3300000e+02
   6.3300000e+02
   6.1700000e+02
   6.2500000e+02
   6.1700000e+02
   6.3300000e+02
   6.2500000e+02
   6.2500000e+02
   6.3300000e+02
   6.2500000e+02
   6.4800000e+02
   7.0300000e+02
   7.1900000e+02
   7.1900000e+02
   7.0300000e+02
   6.9500000e+02
   6.9600000e+02
   6.7900000e+02
   6.5700000e+02
   6.4800000e+02
   6.3300000e+02
   6.2500000e+02
   6.2500000e+02
   6.0900000e+02
   6.1700000e+02
   6.1000000e+02
   6.0900000e+02
   6.1000000e+02
   6.1700000e+02
   6.1700000e+02
   6.0900000e+02
   6.1000000e+02
   6.2500000e+02
   6.1700000e+02
   6.3300000e+02
   6.4000000e+02
   6.3300000e+02
   6.4900000e+02
   6.5600000e+02
   6.6400000e+02
   6.7200000e+02
   6.7900000e+02
   6.6500000e+02
   6.6400000e+02
   6.4000000e+02
   6.4100000e+02
   6.4800000e+02
   6.4900000e+02
   6.6400000e+02
   6.4800000e+02
   6.1700000e+02
   6.1800000e+02
   6.0900000e+02
   5.8600000e+02
   5.7800000e+02
   5.8600000e+02
   5.3100000e+02
   5.7100000e+02
   5.6200000e+02
   5.6300000e+02
   5.7800000e+02
   5.7000000e+02
   5.8600000e+02
   5.7800000e+02
   5.8600000e+02
   5.8600000e+02
   5.7800000e+02
   5.7000000e+02
   5.7100000e+02
   5.7800000e+02
   5.7800000e+02
   5.8600000e+02
   5.9400000e+02
   6.0900000e+02
   6.0900000e+02
   5.8600000e+02
   6.1700000e+02
   6.2500000e+02
   6.1800000e+02
   6.1700000e+02
   6.2500000e+02
   6.4000000e+02
   6.3300000e+02
   6.2500000e+02
   6.2500000e+02
   6.3300000e+02
   6.1700000e+02
   6.3300000e+02
   6.3300000e+02
   6.3300000e+02
   6.2500000e+02
   6.3300000e+02
   6.1700000e+02
   6.4000000e+02
   6.2500000e+02
   6.3300000e+02
   6.4100000e+02
   6.3300000e+02
   6.2500000e+02
   6.2500000e+02
   6.3200000e+02
   6.1800000e+02
   6.2500000e+02
   6.2500000e+02
   6.2500000e+02
   6.2500000e+02
   6.2500000e+02
   6.2500000e+02
   6.3200000e+02
   6.2500000e+02
   6.3300000e+02
   6.2500000e+02
   6.2500000e+02
   6.1700000e+02
   6.1800000e+02
   6.1700000e+02
   6.3300000e+02
   6.1700000e+02
   6.1700000e+02
   6.2500000e+02
   6.0900000e+02
   6.2500000e+02
   6.1800000e+02
   6.2500000e+02
   6.1700000e+02
   6.3300000e+02
   6.2500000e+02
   6.3200000e+02
   6.1000000e+02
   6.1700000e+02
   6.0100000e+02
   6.2500000e+02
   6.1800000e+02
   6.1700000e+02
   6.1700000e+02
   6.1700000e+02
   6.1700000e+02
   6.1800000e+02
   6.1700000e+02
   6.3300000e+02
   6.4000000e+02
   6.3300000e+02
   6.4100000e+02
   6.3200000e+02
   6.3300000e+02
   6.1700000e+02
   6.3300000e+02
   6.2500000e+02
   6.1700000e+02
   6.1800000e+02
   6.2500000e+02
   6.3300000e+02
   6.3300000e+02
   6.2500000e+02
   6.4100000e+02
   6.3300000e+02
   6.4800000e+02
   6.4100000e+02
   6.3200000e+02
   6.3300000e+02
   6.1700000e+02
   6.2500000e+02
   6.1800000e+02
   6.2500000e+02
   5.9300000e+02
   6.1800000e+02
   6.0100000e+02
   6.1700000e+02
   6.0200000e+02
   6.2500000e+02
   6.0900000e+02
   6.3300000e+02
   6.3300000e+02
   6.7200000e+02
   6.8700000e+02
   6.8000000e+02
   6.8000000e+02
   6.7100000e+02
   6.7200000e+02
   6.4900000e+02
   6.4800000e+02
   6.4100000e+02
   6.4000000e+02
   6.3300000e+02
   6.4100000e+02
   6.5600000e+02
   6.5600000e+02
   6.5700000e+02
   6.7200000e+02
   6.7900000e+02
   6.5600000e+02
   6.8800000e+02
   6.8700000e+02
   6.9600000e+02
   6.9500000e+02
   7.0300000e+02
   6.8000000e+02
   6.8000000e+02
   6.7100000e+02
   6.4900000e+02
   6.4100000e+02
   6.5600000e+02
   6.6400000e+02
   6.7200000e+02
   6.7200000e+02
   6.8700000e+02
   6.7200000e+02
   6.6400000e+02
   6.5600000e+02
   6.5700000e+02
   6.0900000e+02
   6.3300000e+02
   6.1700000e+02
   6.3300000e+02
   6.4000000e+02
   6.4100000e+02
   6.4100000e+02
   6.4000000e+02
   6.7200000e+02
   6.6400000e+02
   6.6400000e+02
   6.5600000e+02
   6.4900000e+02
   6.5600000e+02
   6.6400000e+02
   6.7200000e+02
   6.8800000e+02
   6.8700000e+02
   6.8000000e+02
   6.6400000e+02
   6.8700000e+02
   6.8800000e+02
   6.9500000e+02
   6.9500000e+02
   7.2700000e+02
   7.1100000e+02
   7.0300000e+02
   6.9500000e+02
   6.8800000e+02
   6.8700000e+02
   6.8000000e+02
   6.7200000e+02
   6.8000000e+02
   7.1100000e+02
   7.1100000e+02
   7.1800000e+02
   7.1900000e+02
   7.2700000e+02
   7.0300000e+02
   6.9500000e+02
   6.8800000e+02
   6.5600000e+02
   6.4800000e+02
   6.8800000e+02
   6.8700000e+02
   7.3500000e+02
