   3.9560400e+02
   3.5900000e+02
   1.0310000e+03
   2.4300000e+02
   3.5200000e+02
   3.5100000e+02
   7.0300000e+02
   3.5200000e+02
   3.5100000e+02
   3.5200000e+02
   7.0300000e+02
   3.5200000e+02
   3.5100000e+02
   3.5200000e+02
   3.5100000e+02
   3.4400000e+02
   3.4400000e+02
   3.4400000e+02
   3.4300000e+02
   7.0300000e+02
   3.5200000e+02
   3.4400000e+02
   7.1900000e+02
   7.1900000e+02
   3.6700000e+02
   7.2600000e+02
   3.6800000e+02
   3.6700000e+02
   7.2600000e+02
   3.6800000e+02
   3.7500000e+02
   7.5000000e+02
   3.9000000e+02
   3.7500000e+02
   3.7500000e+02
   3.9100000e+02
   7.4200000e+02
   3.7500000e+02
   3.4400000e+02
   3.5900000e+02
   3.5900000e+02
   3.5200000e+02
   3.5100000e+02
   3.6000000e+02
   3.5100000e+02
   3.6000000e+02
   3.5900000e+02
   3.7500000e+02
   3.1300000e+02
   4.2200000e+02
   7.4200000e+02
   4.0600000e+02
   1.0780000e+03
   3.6700000e+02
   1.0550000e+03
   7.0300000e+02
   6.9500000e+02
   5.3900000e+02
   4.0700000e+02
   5.1500000e+02
   1.0630000e+03
   9.3800000e+02
   6.1700000e+02
   3.0500000e+02
   3.1200000e+02
   3.0500000e+02
   6.2500000e+02
   3.0500000e+02
   3.1200000e+02
   3.2000000e+02
   3.1300000e+02
   3.1200000e+02
   3.2100000e+02
   3.1200000e+02
   3.1300000e+02
   3.2000000e+02
   3.1300000e+02
   3.1200000e+02
   3.1300000e+02
   3.1200000e+02
   6.2500000e+02
   3.0500000e+02
   3.2000000e+02
   3.1300000e+02
   3.1200000e+02
   3.2800000e+02
   3.2100000e+02
   3.1200000e+02
   3.2000000e+02
   3.2100000e+02
   3.2800000e+02
   3.2800000e+02
   3.2800000e+02
   3.2800000e+02
   3.2800000e+02
   3.3600000e+02
   3.3600000e+02
   3.3600000e+02
   3.5200000e+02
   3.5100000e+02
   3.7500000e+02
   3.6000000e+02
   3.7500000e+02
   3.8200000e+02
   3.6800000e+02
   3.8200000e+02
   3.6800000e+02
   3.6700000e+02
   3.7500000e+02
   3.6700000e+02
   3.7500000e+02
   3.7500000e+02
   3.6700000e+02
   3.6700000e+02
   3.8300000e+02
   3.7500000e+02
   3.7500000e+02
   3.7500000e+02
   3.8300000e+02
   3.8300000e+02
   3.7500000e+02
   3.6700000e+02
   3.5900000e+02
   3.5200000e+02
   3.5100000e+02
   3.5200000e+02
   3.5200000e+02
   3.5100000e+02
   3.5200000e+02
   3.4300000e+02
   3.4400000e+02
   3.3600000e+02
   3.4400000e+02
   3.3600000e+02
   3.3600000e+02
   3.3600000e+02
   3.3600000e+02
   3.3600000e+02
   3.3600000e+02
   3.4300000e+02
   3.3600000e+02
   3.4400000e+02
   3.4400000e+02
   3.5100000e+02
   3.5200000e+02
   3.5100000e+02
   3.4400000e+02
   3.5200000e+02
   3.5100000e+02
   3.4400000e+02
   3.5900000e+02
   3.5200000e+02
   3.5200000e+02
   3.7500000e+02
   3.5900000e+02
   3.5900000e+02
   3.5200000e+02
   3.5100000e+02
   3.5200000e+02
   3.5900000e+02
   3.5200000e+02
   3.5100000e+02
   3.5200000e+02
   3.5200000e+02
   3.4300000e+02
   3.5200000e+02
   3.5900000e+02
   3.5200000e+02
   3.5900000e+02
   3.6000000e+02
   3.5900000e+02
   3.5900000e+02
   3.7500000e+02
   3.6800000e+02
   3.8200000e+02
   3.7500000e+02
   3.9100000e+02
   3.9100000e+02
   3.8200000e+02
   3.8300000e+02
   3.8300000e+02
   3.8300000e+02
   3.9800000e+02
   3.9100000e+02
   3.7500000e+02
   3.8300000e+02
   3.6700000e+02
   3.6700000e+02
   3.5900000e+02
   3.7500000e+02
   3.6800000e+02
   3.6700000e+02
   3.7500000e+02
   3.6700000e+02
   3.5900000e+02
   3.6800000e+02
   3.6700000e+02
   3.5900000e+02
   3.6000000e+02
   3.5100000e+02
   3.5200000e+02
   3.5900000e+02
   3.5200000e+02
   3.4300000e+02
   3.5200000e+02
   3.4400000e+02
   3.5900000e+02
   3.5200000e+02
   3.4300000e+02
   3.6000000e+02
   3.4300000e+02
   3.5200000e+02
   3.5900000e+02
   3.6800000e+02
   3.8200000e+02
   3.9100000e+02
   3.7500000e+02
   3.8300000e+02
   3.8300000e+02
   3.9000000e+02
   3.8300000e+02
   3.8300000e+02
   3.8300000e+02
   3.7500000e+02
   3.9000000e+02
   3.7500000e+02
   3.7500000e+02
   3.6800000e+02
   3.8200000e+02
   3.6800000e+02
   3.7500000e+02
   3.7500000e+02
   3.8200000e+02
   3.8300000e+02
   3.8300000e+02
   3.8300000e+02
   3.8300000e+02
   3.7500000e+02
   3.7500000e+02
   3.7500000e+02
   3.7500000e+02
   3.6700000e+02
   3.8300000e+02
   3.8200000e+02
   3.7500000e+02
   3.7500000e+02
   3.8300000e+02
   3.8300000e+02
   3.8300000e+02
   3.9000000e+02
   3.8300000e+02
   3.7500000e+02
   3.7500000e+02
   3.6000000e+02
   3.6700000e+02
   3.5900000e+02
   3.6000000e+02
   3.5900000e+02
   3.5900000e+02
   3.6800000e+02
   3.5900000e+02
   3.6700000e+02
   3.5200000e+02
   3.5900000e+02
   3.7500000e+02
   3.6700000e+02
   3.6700000e+02
   3.8300000e+02
   3.7500000e+02
   3.9100000e+02
   3.7500000e+02
   3.7500000e+02
   3.5900000e+02
   3.6700000e+02
   3.8300000e+02
   3.7500000e+02
   3.8300000e+02
   3.7500000e+02
   3.6700000e+02
   3.8300000e+02
   3.8300000e+02
   3.8300000e+02
   3.9800000e+02
   3.8300000e+02
   3.9100000e+02
   3.8200000e+02
   3.8300000e+02
   3.8300000e+02
   3.9100000e+02
   3.7500000e+02
   3.9000000e+02
   3.7500000e+02
   3.9100000e+02
   3.9000000e+02
   3.9100000e+02
   3.9100000e+02
   4.0600000e+02
   3.9800000e+02
   3.9900000e+02
   3.9800000e+02
   3.9100000e+02
   4.0600000e+02
   3.9900000e+02
   3.9800000e+02
   3.9800000e+02
   3.9100000e+02
   3.8300000e+02
   3.7500000e+02
   3.6700000e+02
   3.6700000e+02
   3.6000000e+02
   3.5100000e+02
   3.5200000e+02
   3.5900000e+02
   3.6700000e+02
   3.6800000e+02
   3.8200000e+02
   3.9900000e+02
   3.9800000e+02
   4.0600000e+02
   4.2200000e+02
   4.1400000e+02
   4.2200000e+02
   4.2200000e+02
   4.2200000e+02
   4.1400000e+02
   4.1400000e+02
   4.1400000e+02
   3.9900000e+02
   3.8200000e+02
   3.7500000e+02
   3.6800000e+02
   3.6700000e+02
   3.6700000e+02
   3.5900000e+02
   3.7500000e+02
   3.7500000e+02
   3.8300000e+02
   3.9100000e+02
   3.9800000e+02
   3.8300000e+02
   4.0600000e+02
   4.0700000e+02
   3.9800000e+02
   4.0600000e+02
   4.0700000e+02
   4.1400000e+02
   3.9800000e+02
   4.0600000e+02
   3.9900000e+02
   4.0600000e+02
   4.0600000e+02
   4.0600000e+02
   4.1500000e+02
   4.1400000e+02
   4.1400000e+02
   4.0600000e+02
   4.0600000e+02
   4.0600000e+02
   3.9900000e+02
   3.9000000e+02
   3.9900000e+02
   3.9800000e+02
   4.1400000e+02
   4.0700000e+02
   4.1400000e+02
   3.9800000e+02
   3.9900000e+02
   4.0600000e+02
   3.9800000e+02
   3.9900000e+02
   4.0600000e+02
   4.1400000e+02
   3.9800000e+02
   4.2200000e+02
   4.0700000e+02
   4.2100000e+02
   4.2200000e+02
   4.2200000e+02
   4.2200000e+02
   3.9900000e+02
   4.1400000e+02
   4.0600000e+02
   4.0600000e+02
   4.0600000e+02
   4.2200000e+02
   4.3000000e+02
   4.3000000e+02
   4.2100000e+02
   4.1500000e+02
   4.1400000e+02
   4.1400000e+02
   4.0600000e+02
   3.9800000e+02
   4.2200000e+02
   4.0600000e+02
   3.9900000e+02
   4.1400000e+02
   4.1400000e+02
   4.0600000e+02
   4.1400000e+02
   4.1400000e+02
   4.1400000e+02
   4.2200000e+02
   4.1400000e+02
   4.2200000e+02
   4.2200000e+02
   4.3800000e+02
   4.2900000e+02
   4.2200000e+02
   4.3000000e+02
   4.1400000e+02
   4.2200000e+02
   4.0600000e+02
   4.1400000e+02
   4.2200000e+02
   4.1400000e+02
   4.2200000e+02
   4.2200000e+02
   4.2200000e+02
   4.2200000e+02
   4.1400000e+02
   4.2200000e+02
   4.1400000e+02
   4.1400000e+02
   4.1400000e+02
   4.1400000e+02
   4.1400000e+02
   4.3000000e+02
   4.2900000e+02
   4.3800000e+02
   4.2900000e+02
   4.3800000e+02
   4.4500000e+02
   4.3800000e+02
   4.2900000e+02
   4.3000000e+02
   4.2200000e+02
   4.0600000e+02
   4.1400000e+02
   4.0700000e+02
   4.2100000e+02
   4.0700000e+02
   3.9000000e+02
   3.9900000e+02
   4.0600000e+02
   4.2200000e+02
   4.3000000e+02
   4.2900000e+02
   4.2200000e+02
   4.0600000e+02
   3.9900000e+02
   3.9800000e+02
   3.7500000e+02
   3.9100000e+02
   3.7500000e+02
   3.6700000e+02
   3.6700000e+02
   3.5200000e+02
   3.4400000e+02
   3.4400000e+02
   6.7900000e+02
   3.5200000e+02
   3.3600000e+02
   3.4300000e+02
   3.3600000e+02
   3.4400000e+02
   3.4400000e+02
   3.3600000e+02
   3.4400000e+02
   3.3600000e+02
   3.4300000e+02
   3.4400000e+02
   3.7500000e+02
   4.0600000e+02
   4.0700000e+02
   4.0600000e+02
   3.8300000e+02
   3.8300000e+02
   3.9800000e+02
   3.8300000e+02
   3.7500000e+02
   3.8300000e+02
   3.7500000e+02
   3.8200000e+02
   3.8300000e+02
   3.7500000e+02
   3.7500000e+02
   3.8300000e+02
   3.6700000e+02
   3.8300000e+02
   3.7500000e+02
   3.7500000e+02
   3.8300000e+02
   3.7500000e+02
   3.8300000e+02
   4.0600000e+02
   4.0600000e+02
   3.9100000e+02
   3.8300000e+02
   3.7500000e+02
   3.9800000e+02
   3.7500000e+02
   3.7500000e+02
   3.7500000e+02
   3.7500000e+02
   3.9100000e+02
   3.7500000e+02
   3.8300000e+02
   3.9800000e+02
   4.0600000e+02
   4.1400000e+02
   4.0700000e+02
   4.2100000e+02
   4.0700000e+02
   4.1400000e+02
   3.9000000e+02
   3.8300000e+02
   3.6000000e+02
   3.9000000e+02
   3.7500000e+02
   3.6700000e+02
   3.6800000e+02
   3.6700000e+02
   3.5900000e+02
   3.5900000e+02
   3.6800000e+02
   3.7500000e+02
   3.7500000e+02
   3.6700000e+02
   3.5100000e+02
   3.7500000e+02
   3.9100000e+02
   3.7500000e+02
   3.9100000e+02
   3.9800000e+02
   3.9100000e+02
   4.2200000e+02
   4.1400000e+02
   4.1400000e+02
   4.1400000e+02
   4.0600000e+02
   4.3000000e+02
   4.1400000e+02
   4.2200000e+02
   4.2900000e+02
   4.5300000e+02
   4.3800000e+02
   4.3000000e+02
   4.4500000e+02
   4.1400000e+02
   4.1400000e+02
   3.9100000e+02
   3.8300000e+02
   3.9000000e+02
   3.7500000e+02
   3.7500000e+02
   3.7500000e+02
   3.6700000e+02
   3.7500000e+02
   3.7500000e+02
   3.6000000e+02
   3.5100000e+02
   3.8300000e+02
   3.5900000e+02
   3.6800000e+02
   3.5900000e+02
   3.5900000e+02
   3.5200000e+02
   3.5900000e+02
   3.5200000e+02
   3.5100000e+02
   3.6000000e+02
   3.4400000e+02
   3.5100000e+02
   3.4400000e+02
   3.3600000e+02
   3.4400000e+02
   3.5900000e+02
   3.3600000e+02
   3.3600000e+02
   3.2800000e+02
   3.3600000e+02
   6.6400000e+02
   3.3600000e+02
   3.2800000e+02
   3.3600000e+02
   3.1300000e+02
   3.3600000e+02
   3.3600000e+02
   3.3500000e+02
   3.3600000e+02
   6.8000000e+02
   4.6900000e+02
   2.8100000e+02
   3.3600000e+02
   3.5200000e+02
   7.1900000e+02
   3.5900000e+02
   3.5200000e+02
   3.5900000e+02
   3.5200000e+02
   3.5900000e+02
   1.4300000e+03
   4.0600000e+02
   3.3600000e+02
   4.2900000e+02
   3.7500000e+02
   3.6800000e+02
   3.6700000e+02
   3.8300000e+02
   3.8200000e+02
   3.7500000e+02
   3.7500000e+02
   3.6800000e+02
   7.2600000e+02
   3.6000000e+02
   3.5900000e+02
   3.5100000e+02
   7.3500000e+02
   3.6700000e+02
   3.5900000e+02
   3.5200000e+02
   7.3400000e+02
   3.6000000e+02
   3.7500000e+02
   3.5900000e+02
   2.1100000e+02
   5.3100000e+02
   3.5200000e+02
   3.6700000e+02
   3.7500000e+02
   7.1900000e+02
   3.6700000e+02
   3.6700000e+02
   7.5800000e+02
   4.1400000e+02
   3.7500000e+02
   4.2200000e+02
   3.7500000e+02
   3.8200000e+02
   3.7500000e+02
   3.8300000e+02
   3.7500000e+02
   7.5800000e+02
   3.9100000e+02
   3.6700000e+02
   7.3400000e+02
   3.6000000e+02
   7.3400000e+02
   5.3900000e+02
   1.1100000e+03
   3.9000000e+02
   7.3500000e+02
   3.8300000e+02
   3.9100000e+02
   3.8300000e+02
   3.8200000e+02
   3.8300000e+02
   3.9100000e+02
   4.0600000e+02
   3.9900000e+02
   3.9800000e+02
   3.8300000e+02
   3.7500000e+02
   7.6500000e+02
   3.8300000e+02
   3.7500000e+02
   3.9100000e+02
   3.8300000e+02
   3.9000000e+02
   4.0700000e+02
   3.9800000e+02
   4.2200000e+02
   4.5300000e+02
   4.3000000e+02
   4.4500000e+02
   4.4500000e+02
   4.5300000e+02
   4.4600000e+02
   4.4500000e+02
   4.3800000e+02
   4.3700000e+02
   4.3000000e+02
   4.5300000e+02
   4.3700000e+02
   4.8500000e+02
   4.6900000e+02
   4.5300000e+02
   4.6100000e+02
   4.5300000e+02
   4.5300000e+02
   4.5300000e+02
   4.5300000e+02
   4.5300000e+02
   4.6100000e+02
   4.5300000e+02
   4.5300000e+02
   4.6100000e+02
   4.4600000e+02
   4.5300000e+02
   4.4500000e+02
   4.4500000e+02
   4.6100000e+02
   4.6900000e+02
   4.5300000e+02
   4.5300000e+02
   4.4600000e+02
   4.6100000e+02
   4.4500000e+02
   4.4500000e+02
   4.3800000e+02
   4.3700000e+02
   4.4600000e+02
   4.2900000e+02
   4.5300000e+02
   4.3800000e+02
   4.4500000e+02
   4.4500000e+02
   4.3800000e+02
   4.3700000e+02
   4.6100000e+02
   4.2200000e+02
   4.2200000e+02
   4.0600000e+02
   3.8300000e+02
   3.8300000e+02
   3.8300000e+02
   3.6700000e+02
   3.5900000e+02
   3.6800000e+02
   3.5900000e+02
   3.5900000e+02
   3.6000000e+02
   3.5100000e+02
   3.5200000e+02
   3.6700000e+02
   3.5200000e+02
   3.5900000e+02
   3.5200000e+02
   3.5100000e+02
   3.5900000e+02
   3.5200000e+02
   3.6700000e+02
   3.6000000e+02
   3.5900000e+02
   3.5200000e+02
   3.3500000e+02
   3.6000000e+02
   3.5900000e+02
   3.4400000e+02
   3.5200000e+02
   2.1000000e+02
   5.0000000e+02
   6.9600000e+02
   3.4400000e+02
   3.5100000e+02
   3.5900000e+02
   3.5200000e+02
   3.4400000e+02
   3.4300000e+02
   3.5200000e+02
   3.4400000e+02
   7.1100000e+02
   3.5100000e+02
   3.5200000e+02
   3.7500000e+02
   3.3600000e+02
   7.0300000e+02
   3.5100000e+02
   3.5200000e+02
   3.4400000e+02
   3.5100000e+02
   3.5200000e+02
   3.5100000e+02
   3.4400000e+02
   3.5200000e+02
   3.5900000e+02
   3.6700000e+02
   3.6700000e+02
   3.6800000e+02
   3.6700000e+02
   3.7500000e+02
   3.6700000e+02
   3.8300000e+02
   3.5900000e+02
   3.7500000e+02
   3.7500000e+02
   3.5900000e+02
   3.7500000e+02
   3.7500000e+02
   3.7500000e+02
   3.7500000e+02
   3.6800000e+02
   3.8200000e+02
   3.7500000e+02
   3.7500000e+02
   3.7500000e+02
   3.6800000e+02
   3.7500000e+02
   3.6700000e+02
   3.7500000e+02
   3.7500000e+02
   3.7500000e+02
   3.7500000e+02
   3.5900000e+02
   3.6700000e+02
   3.6000000e+02
   3.5900000e+02
   3.6000000e+02
   3.5100000e+02
   3.5900000e+02
   3.6000000e+02
   3.7500000e+02
   3.9000000e+02
   3.8300000e+02
   3.7500000e+02
   3.7500000e+02
   3.5200000e+02
   3.5900000e+02
   3.8300000e+02
   3.7500000e+02
   3.7500000e+02
   3.7500000e+02
   4.1400000e+02
   4.3000000e+02
   4.2200000e+02
   4.2900000e+02
   4.1400000e+02
   4.2200000e+02
   4.2200000e+02
   4.2200000e+02
   4.3000000e+02
   4.2900000e+02
   3.9900000e+02
   3.9000000e+02
   3.9900000e+02
   3.8300000e+02
   3.7500000e+02
   3.6700000e+02
   3.7500000e+02
   3.6700000e+02
   3.6700000e+02
   3.6700000e+02
   3.6800000e+02
   3.7500000e+02
   3.6700000e+02
   3.5900000e+02
   3.7500000e+02
   3.7500000e+02
   3.7500000e+02
   3.8300000e+02
   3.9100000e+02
   3.9800000e+02
   4.0600000e+02
   3.9900000e+02
   4.0600000e+02
   4.2200000e+02
   4.1400000e+02
   3.8300000e+02
   3.8300000e+02
   3.5900000e+02
   3.8300000e+02
   3.6700000e+02
   3.6700000e+02
   3.6000000e+02
   3.4300000e+02
   3.7500000e+02
   3.4400000e+02
   3.8300000e+02
   3.6700000e+02
   3.5900000e+02
   3.6000000e+02
   3.6700000e+02
   3.5900000e+02
   3.6000000e+02
   3.6700000e+02
   3.5900000e+02
   3.6000000e+02
   3.6700000e+02
   5.2300000e+02
   5.6300000e+02
   3.5900000e+02
   3.6000000e+02
   7.5000000e+02
   3.8200000e+02
   3.8300000e+02
   3.7500000e+02
   3.7500000e+02
   3.7500000e+02
   3.7500000e+02
   3.7500000e+02
   3.7500000e+02
   3.7500000e+02
   3.8300000e+02
   3.9100000e+02
   3.9000000e+02
   3.7500000e+02
   3.8300000e+02
   3.8300000e+02
   3.8300000e+02
   3.8300000e+02
   3.8200000e+02
   3.8300000e+02
   3.8300000e+02
   3.7500000e+02
   3.7500000e+02
   3.5900000e+02
   3.6800000e+02
   3.5900000e+02
   3.5900000e+02
   3.6000000e+02
   3.5100000e+02
   3.5200000e+02
   3.5100000e+02
   3.4400000e+02
   3.5200000e+02
   3.5100000e+02
   3.5200000e+02
   3.5100000e+02
   3.5200000e+02
   3.4400000e+02
   3.5100000e+02
   3.4400000e+02
   3.5900000e+02
   3.6000000e+02
   3.5100000e+02
   3.5200000e+02
   3.5900000e+02
   3.4400000e+02
   3.5200000e+02
   3.5100000e+02
   3.4400000e+02
   3.5100000e+02
   3.3600000e+02
   3.4400000e+02
   3.4400000e+02
   3.2800000e+02
   3.5200000e+02
   3.4300000e+02
   3.5200000e+02
   3.4400000e+02
   3.5900000e+02
   3.4400000e+02
   3.5100000e+02
   3.4400000e+02
   3.5200000e+02
   3.4300000e+02
   3.5200000e+02
   3.2800000e+02
   3.7500000e+02
   6.8800000e+02
   3.5100000e+02
   3.5900000e+02
   3.4400000e+02
   3.6000000e+02
   3.5900000e+02
   3.7500000e+02
   3.5900000e+02
   3.6000000e+02
   2.6500000e+02
   4.6900000e+02
   3.5900000e+02
   3.7500000e+02
   3.8300000e+02
   3.9100000e+02
   3.9800000e+02
   3.7500000e+02
   3.8300000e+02
   3.8300000e+02
   3.7500000e+02
   3.8300000e+02
   3.8300000e+02
   3.6700000e+02
   3.6700000e+02
   3.7500000e+02
   7.3400000e+02
   3.6000000e+02
   3.7500000e+02
   3.8300000e+02
   3.6700000e+02
   3.6700000e+02
   7.1900000e+02
   3.6700000e+02
   3.5900000e+02
   3.6000000e+02
   3.4300000e+02
   3.8300000e+02
   3.5200000e+02
   3.7500000e+02
   3.5900000e+02
   3.5900000e+02
   3.5200000e+02
   3.5200000e+02
   3.5900000e+02
   3.5200000e+02
   3.5900000e+02
   3.5100000e+02
   3.5200000e+02
   3.5200000e+02
